GAIN AT LOW ENERGIES
-----------------------------------------------------------------
Linear Fit in range [50 - 100] DAC_inj code
Cubic Fit in range [0 - 500] DAC_inj code
-----------------------------------------------------------------
INDEX
l_g_m: Gain obtained with linear fit and mean values
l_i_m: Intercept obtained with linear fit and mean values
l_r2_m: R^2 obtained with linear fit and mean values
l_rs_m: Residuals obtained with linear fit and mean values
l_g_mwo: Gain obtained with linear fit and mean values without outliers
l_i_mwo: Intercept obtained with linear fit and mean values without outliers
l_r2_mwo: R^2 obtained with linear fit and mean values without outliers
l_rs_mwo: Residuals obtained with linear fit and mean values without outliers
3_g_m: Gain obtained in x=0 with cubic fit and mean values
3_i_m: Intercept obtained with cubic fit and mean values
3_r2_m: Adjusted R^2 (adjusted for cubic fit) obtained with cubic fit and mean values
3_rs_m: Residuals obtained with cubic fit and mean values
3_g_mwo: Gain obtained in x=0 with cubic fit and mean values without outliers
3_i_mwo: Intercept obtained with cubic fit and mean values without outliers
3_r2_mwo: Adjusted R^2 (adjusted for cubic fit) obtained with cubic fit and mean values without outliers
3_rs_mwo: Residuals obtained with cubic fit and mean values without outliers
-----------------------------------------------------------------
ch	pt	l_g_m	l_i_m	l_r2_m	l_rs_m	l_g_mwo	l_i_mwo	l_r2_mwo	l_rs_mwo	3_g_m	3_i_m	3_r2_m	3_rs_m	3_g_mwo	3_i_mwo	3_r2_mwo	3_rs_mwo
 0	 0	1.272	171.890	0.9989	0.953	1.288	170.460	0.9977	1.388	1.523	164.524	0.9997	4.258	1.516	164.567	0.9997	4.865
 0	 1	1.011	176.710	0.9980	1.003	1.004	177.195	0.9981	0.975	1.242	169.695	0.9935	2.176	1.239	169.774	0.9940	2.063
 0	 2	0.906	172.200	0.9993	0.552	0.907	172.130	0.9995	0.454	1.002	170.103	0.9973	1.402	1.003	170.065	0.9974	1.358
 0	 3	0.835	173.095	0.9980	0.843	0.840	172.720	0.9982	0.799	0.935	169.012	0.9958	1.070	0.936	168.912	0.9957	1.054
 0	 4	0.822	169.585	0.9999	0.187	0.817	170.040	0.9998	0.229	0.852	169.065	0.9967	0.862	0.852	169.088	0.9967	0.866
 0	 5	0.770	170.295	0.9989	0.562	0.766	170.705	0.9981	0.740	0.829	167.646	0.9980	0.954	0.830	167.658	0.9980	1.007
 0	 6	0.759	167.870	0.9994	0.413	0.754	168.320	0.9991	0.506	0.799	166.393	0.9985	0.978	0.800	166.393	0.9985	1.038
 0	 7	0.722	168.885	0.9994	0.391	0.721	168.925	0.9994	0.404	0.756	166.800	0.9981	0.891	0.754	166.861	0.9981	0.939
 1	 0	1.263	163.140	0.9999	0.334	1.283	161.530	0.9994	0.724	1.674	150.139	0.9999	3.181	1.684	149.675	0.9999	3.334
 1	 1	0.956	164.695	0.9980	0.948	0.956	164.570	0.9988	0.729	1.230	154.343	0.9938	2.731	1.225	154.415	0.9939	2.768
 1	 2	0.901	157.805	0.9998	0.290	0.902	157.715	0.9999	0.217	1.053	152.525	0.9974	1.188	1.047	152.750	0.9975	1.304
 1	 3	0.889	154.925	0.9997	0.360	0.886	155.085	0.9994	0.497	1.010	150.930	0.9957	1.059	1.005	151.072	0.9958	1.126
 1	 4	0.826	155.040	0.9995	0.407	0.823	155.305	0.9995	0.421	0.933	150.549	0.9962	1.257	0.934	150.527	0.9963	1.291
 1	 5	0.803	154.335	0.9999	0.211	0.803	154.335	0.9999	0.211	0.915	149.303	0.9976	1.363	0.916	149.285	0.9977	1.361
 1	 6	0.777	153.370	0.9999	0.198	0.777	153.370	0.9999	0.198	0.892	147.975	0.9980	1.135	0.891	148.001	0.9981	1.126
 1	 7	0.804	149.880	0.9999	0.207	0.804	149.880	0.9999	0.207	0.872	147.636	0.9976	0.613	0.870	147.690	0.9977	0.770
 2	 0	1.227	139.645	0.9998	0.397	1.243	138.235	0.9999	0.275	1.671	123.934	0.9999	2.143	1.678	123.510	0.9999	2.337
 2	 1	0.940	140.830	0.9998	0.323	0.937	141.130	0.9998	0.284	1.239	128.737	0.9938	2.503	1.232	129.106	0.9944	2.439
 2	 2	0.895	132.510	0.9994	0.481	0.899	132.240	0.9996	0.403	1.075	125.699	0.9969	1.247	1.078	125.565	0.9970	1.262
 2	 3	0.886	129.905	0.9982	0.845	0.876	130.340	1.0000	0.055	1.017	125.135	0.9954	1.718	1.008	125.389	0.9955	1.239
 2	 4	0.858	127.425	0.9992	0.547	0.860	127.335	0.9988	0.656	0.966	123.750	0.9961	1.277	0.968	123.699	0.9962	1.335
 2	 5	0.831	126.190	0.9985	0.725	0.834	126.030	0.9981	0.823	0.934	122.337	0.9974	0.923	0.936	122.339	0.9974	1.037
 2	 6	0.814	124.345	0.9990	0.563	0.814	124.345	0.9990	0.563	0.894	121.594	0.9981	0.630	0.894	121.556	0.9981	0.602
 2	 7	0.796	123.765	0.9970	0.977	0.795	123.760	0.9969	0.992	0.864	121.264	0.9976	1.171	0.861	121.326	0.9976	1.148
 3	 0	1.130	150.585	0.9986	0.962	1.133	150.100	0.9991	0.741	1.539	137.021	0.9999	2.576	1.551	136.288	0.9999	2.564
 3	 1	0.858	150.760	0.9984	0.778	0.853	151.040	0.9983	0.790	1.102	141.458	0.9940	1.744	1.097	141.499	0.9941	1.760
 3	 2	0.828	143.475	0.9981	0.813	0.833	143.100	0.9983	0.768	0.973	138.228	0.9970	1.273	0.973	138.171	0.9969	1.276
 3	 3	0.812	141.955	0.9990	0.584	0.807	142.275	0.9989	0.611	0.950	136.855	0.9954	0.884	0.946	136.970	0.9956	0.893
 3	 4	0.779	141.405	0.9998	0.268	0.776	141.605	0.9998	0.225	0.916	135.694	0.9959	1.070	0.919	135.587	0.9961	1.067
 3	 5	0.775	139.625	0.9993	0.450	0.777	139.495	0.9989	0.576	0.894	134.871	0.9972	0.933	0.893	135.002	0.9973	1.202
 3	 6	0.771	137.450	0.9996	0.335	0.771	137.450	0.9996	0.335	0.871	133.958	0.9980	0.759	0.874	133.805	0.9979	0.708
 3	 7	0.753	137.575	0.9998	0.257	0.750	137.705	1.0000	0.041	0.843	134.072	0.9975	0.860	0.841	134.115	0.9975	0.793
 4	 0	1.271	178.215	0.9987	1.019	1.268	178.240	0.9981	1.227	1.685	165.092	0.9998	3.208	1.703	164.226	0.9998	3.297
 4	 1	0.988	178.165	0.9998	0.283	1.003	177.145	1.0000	0.029	1.252	169.395	0.9931	1.972	1.258	169.214	0.9932	2.080
 4	 2	0.909	171.965	0.9998	0.318	0.902	172.630	0.9999	0.171	1.035	168.169	0.9975	1.218	1.041	168.017	0.9975	1.123
 4	 3	0.878	170.045	0.9999	0.230	0.871	170.515	1.0000	0.049	0.988	166.411	0.9957	0.997	0.980	166.752	0.9958	0.862
 4	 4	0.857	167.270	0.9997	0.347	0.860	166.950	0.9996	0.387	0.925	165.413	0.9965	1.075	0.922	165.489	0.9965	1.093
 4	 5	0.813	168.270	0.9986	0.693	0.813	168.270	0.9986	0.693	0.912	164.051	0.9974	1.025	0.907	164.286	0.9975	1.036
 4	 6	0.792	166.730	0.9996	0.340	0.792	166.810	0.9995	0.387	0.878	163.320	0.9983	1.185	0.878	163.313	0.9983	1.253
 4	 7	0.812	163.720	0.9985	0.697	0.809	164.020	0.9987	0.662	0.861	162.516	0.9974	0.940	0.859	162.594	0.9975	0.838
 5	 0	1.116	126.490	0.9986	0.941	1.119	126.090	0.9980	1.134	1.508	114.008	0.9999	2.735	1.518	113.465	0.9999	3.093
 5	 1	0.833	127.615	0.9973	0.972	0.845	126.735	0.9986	0.718	1.090	117.252	0.9937	1.908	1.095	117.092	0.9938	1.825
 5	 2	0.850	117.200	0.9989	0.631	0.846	117.550	0.9989	0.617	0.955	114.768	0.9973	1.534	0.954	114.884	0.9974	1.456
 5	 3	0.803	117.240	0.9997	0.315	0.807	116.980	0.9995	0.385	0.931	112.536	0.9955	0.991	0.927	112.718	0.9956	1.020
 5	 4	0.795	114.865	0.9991	0.536	0.789	115.435	0.9992	0.510	0.883	112.164	0.9956	1.269	0.885	112.089	0.9958	1.367
 5	 5	0.779	113.800	0.9991	0.533	0.779	113.800	0.9991	0.533	0.884	110.419	0.9969	1.418	0.884	110.388	0.9970	1.447
 5	 6	0.747	113.915	0.9995	0.383	0.742	114.235	0.9996	0.330	0.852	110.075	0.9979	1.238	0.849	110.125	0.9979	1.273
 5	 7	0.758	111.560	1.0000	0.113	0.758	111.560	1.0000	0.113	0.824	109.866	0.9974	0.739	0.824	109.886	0.9975	0.675
 6	 0	1.186	191.050	0.9992	0.732	1.189	190.550	0.9968	1.497	1.607	176.699	0.9999	3.213	1.601	176.663	0.9998	3.504
 6	 1	0.915	190.825	0.9983	0.844	0.920	190.510	0.9984	0.814	1.184	180.557	0.9939	2.645	1.177	180.969	0.9944	2.602
 6	 2	0.922	179.375	0.9999	0.220	0.950	177.755	0.9999	0.230	1.019	177.721	0.9972	1.910	1.024	177.815	0.9973	2.486
 6	 3	0.871	179.750	0.9984	0.772	0.879	179.375	0.9991	0.583	0.968	176.946	0.9957	1.527	0.963	177.377	0.9959	1.724
 6	 4	0.839	177.880	0.9996	0.370	0.835	178.300	1.0000	0.041	0.904	176.471	0.9963	1.191	0.906	176.458	0.9963	1.097
 6	 5	0.827	176.670	0.9972	0.973	0.827	176.670	0.9972	0.973	0.908	174.434	0.9976	1.189	0.907	174.502	0.9976	1.152
 6	 6	0.761	178.175	0.9988	0.592	0.764	177.995	0.9988	0.586	0.862	173.961	0.9980	2.158	0.861	174.007	0.9982	2.134
 6	 7	0.795	174.355	0.9995	0.385	0.797	174.285	0.9992	0.494	0.855	172.851	0.9975	1.158	0.856	172.856	0.9975	1.108
 7	 0	1.151	126.305	0.9996	0.515	1.138	127.090	0.9933	2.089	1.575	111.449	0.9998	3.404	1.580	111.185	0.9998	4.106
 7	 1	0.907	124.375	0.9969	1.132	0.921	123.375	0.9981	0.894	1.163	114.981	0.9936	2.534	1.164	115.013	0.9937	2.334
 7	 2	0.857	117.365	0.9980	0.857	0.861	117.460	0.9990	0.601	0.986	113.082	0.9973	2.161	0.988	113.418	0.9976	2.063
 7	 3	0.864	114.120	0.9996	0.365	0.872	113.685	0.9997	0.341	0.971	111.137	0.9953	1.305	0.968	111.519	0.9955	1.591
 7	 4	0.851	110.960	0.9990	0.601	0.848	111.315	0.9991	0.562	0.892	111.375	0.9962	1.371	0.898	111.271	0.9962	1.308
 7	 5	0.821	110.800	0.9995	0.393	0.826	110.500	0.9996	0.364	0.897	109.108	0.9972	1.248	0.897	109.129	0.9972	1.260
 7	 6	0.782	111.370	0.9983	0.723	0.792	110.680	0.9990	0.553	0.868	108.425	0.9980	1.134	0.869	108.387	0.9980	0.968
 7	 7	0.776	110.540	0.9997	0.300	0.782	110.155	0.9996	0.345	0.854	107.876	0.9973	0.610	0.854	107.941	0.9973	0.726
 8	 0	1.135	116.885	0.9953	1.749	1.061	123.470	0.9801	3.382	1.464	107.653	0.9994	5.755	1.478	108.280	0.9993	6.350
 8	 1	0.875	117.545	0.9899	1.980	0.897	116.365	0.9933	1.650	1.107	109.591	0.9940	4.168	1.107	110.413	0.9940	3.760
 8	 2	0.826	111.550	0.9795	2.668	0.825	112.655	0.9962	1.135	0.926	108.787	0.9975	4.359	0.923	110.234	0.9977	3.518
 8	 3	0.783	112.610	0.9975	0.875	0.783	113.430	0.9955	1.183	0.927	106.290	0.9951	2.270	0.910	108.025	0.9954	2.735
 8	 4	0.884	102.295	0.9961	1.238	0.890	102.370	0.9932	1.649	0.859	107.597	0.9969	3.022	0.874	107.338	0.9968	3.399
 8	 5	0.815	104.640	0.9876	2.038	0.824	104.355	0.9820	2.492	0.876	104.464	0.9975	3.166	0.885	104.596	0.9974	4.064
 8	 6	0.742	108.235	1.0000	0.097	0.755	107.735	0.9993	0.440	0.852	104.115	0.9981	1.815	0.858	104.019	0.9978	1.967
 8	 7	0.751	107.085	0.9994	0.425	0.749	107.505	0.9970	0.919	0.867	102.603	0.9969	1.179	0.870	102.765	0.9968	1.633
 9	 0	1.138	142.885	0.9957	1.680	1.062	149.390	0.9753	3.780	1.444	135.101	0.9994	5.767	1.454	135.532	0.9992	6.720
 9	 1	0.840	145.540	0.9923	1.657	0.864	144.230	0.9945	1.443	1.072	136.966	0.9943	3.736	1.070	138.070	0.9948	3.118
 9	 2	0.803	139.545	0.9749	2.884	0.799	141.210	0.9881	1.959	0.914	135.466	0.9976	4.990	0.913	136.636	0.9976	4.565
 9	 3	0.764	140.410	0.9944	1.276	0.754	141.985	0.9972	0.898	0.915	133.148	0.9956	2.441	0.905	134.493	0.9954	2.844
 9	 4	0.830	132.475	0.9951	1.302	0.844	132.200	0.9855	2.286	0.844	134.276	0.9972	2.671	0.870	133.754	0.9968	3.397
 9	 5	0.811	131.890	0.9904	1.785	0.813	132.090	0.9818	2.473	0.884	130.643	0.9974	2.565	0.886	130.774	0.9973	3.383
 9	 6	0.729	136.215	1.0000	0.115	0.734	136.300	0.9993	0.440	0.854	130.770	0.9979	1.301	0.854	130.911	0.9977	1.496
 9	 7	0.754	133.265	0.9993	0.461	0.758	133.045	0.9980	0.766	0.857	129.211	0.9968	0.924	0.852	129.628	0.9969	0.803
10	 0	1.175	180.560	0.9964	1.582	1.127	184.915	0.9773	3.838	1.510	171.000	0.9996	5.225	1.508	171.963	0.9992	7.309
10	 1	0.925	178.955	0.9973	1.081	0.947	177.820	0.9989	0.708	1.149	172.037	0.9939	3.754	1.138	173.310	0.9941	3.870
10	 2	0.876	172.430	0.9742	3.186	0.874	173.660	0.9897	1.996	0.960	170.897	0.9973	4.804	0.949	172.417	0.9975	4.305
10	 3	0.820	173.845	0.9944	1.376	0.827	173.785	0.9952	1.287	0.935	169.187	0.9957	2.240	0.917	170.623	0.9959	2.019
10	 4	0.880	165.955	0.9979	0.912	0.895	165.255	0.9948	1.448	0.856	170.141	0.9972	2.323	0.867	170.006	0.9971	2.916
10	 5	0.794	169.465	0.9962	1.094	0.787	170.560	0.9944	1.326	0.878	166.806	0.9978	2.484	0.894	166.509	0.9978	2.300
10	 6	0.733	171.515	0.9995	0.370	0.710	173.505	0.9978	0.750	0.851	166.229	0.9982	2.356	0.842	166.683	0.9982	2.631
10	 7	0.766	167.975	0.9992	0.480	0.767	167.885	0.9989	0.582	0.829	165.882	0.9973	1.156	0.827	166.211	0.9973	1.399
11	 0	1.148	142.995	0.9932	2.131	1.068	149.645	0.9807	3.349	1.458	134.685	0.9995	5.428	1.452	135.870	0.9992	6.381
11	 1	0.881	144.350	0.9947	1.440	0.900	143.585	0.9964	1.213	1.140	134.859	0.9937	3.564	1.141	135.678	0.9937	3.234
11	 2	0.830	138.660	0.9726	3.117	0.812	141.220	0.9921	1.616	0.945	134.822	0.9974	4.685	0.969	134.970	0.9972	4.174
11	 3	0.799	138.600	0.9967	1.025	0.807	138.485	0.9973	0.933	0.958	131.384	0.9953	2.162	0.950	132.279	0.9950	2.238
11	 4	0.860	131.095	0.9983	0.797	0.860	131.390	0.9961	1.206	0.882	132.571	0.9970	2.830	0.891	132.481	0.9968	2.919
11	 5	0.813	132.305	0.9926	1.572	0.827	131.625	0.9892	1.930	0.903	129.723	0.9973	2.255	0.919	129.372	0.9971	2.695
11	 6	0.760	133.580	0.9986	0.642	0.779	132.495	0.9994	0.411	0.888	128.538	0.9977	1.530	0.893	128.532	0.9975	1.125
11	 7	0.767	132.105	0.9993	0.453	0.773	131.705	0.9995	0.401	0.870	128.053	0.9970	0.938	0.865	128.505	0.9972	0.697
12	 0	1.082	179.945	0.9940	1.887	1.050	182.880	0.9742	3.822	1.376	172.665	0.9994	5.391	1.370	173.658	0.9991	6.653
12	 1	0.853	178.705	0.9957	1.258	0.875	177.515	0.9977	0.949	1.040	173.181	0.9943	3.660	1.027	174.322	0.9947	3.311
12	 2	0.818	173.240	0.9665	3.409	0.823	173.910	0.9914	1.717	0.909	171.683	0.9973	4.828	0.909	172.796	0.9975	3.801
12	 3	0.761	175.410	0.9959	1.099	0.771	175.225	0.9972	0.906	0.890	170.005	0.9952	2.116	0.878	171.154	0.9952	2.139
12	 4	0.814	169.145	0.9968	1.033	0.815	169.475	0.9924	1.593	0.837	171.001	0.9966	2.805	0.848	170.922	0.9964	3.129
12	 5	0.769	170.545	0.9877	1.920	0.766	171.100	0.9836	2.213	0.854	168.526	0.9973	2.679	0.863	168.407	0.9973	2.815
12	 6	0.712	173.125	0.9992	0.449	0.701	174.265	0.9993	0.408	0.862	166.937	0.9976	1.652	0.860	167.176	0.9975	1.578
12	 7	0.742	170.390	1.0000	0.110	0.740	170.590	1.0000	0.067	0.841	166.877	0.9969	0.959	0.836	167.235	0.9970	0.595
13	 0	1.058	143.725	0.9977	1.124	0.999	148.995	0.9849	2.767	1.386	133.940	0.9995	4.839	1.389	134.420	0.9993	5.438
13	 1	0.812	143.270	0.9952	1.260	0.842	141.585	0.9979	0.855	1.045	134.133	0.9944	3.271	1.043	134.900	0.9947	2.778
13	 2	0.795	136.330	0.9675	3.260	0.797	137.335	0.9891	1.871	0.904	132.971	0.9977	4.959	0.928	132.901	0.9976	4.198
13	 3	0.771	136.320	0.9964	1.035	0.780	136.100	0.9980	0.790	0.909	130.319	0.9957	1.781	0.903	131.043	0.9955	2.154
13	 4	0.856	127.640	0.9976	0.939	0.854	128.005	0.9934	1.563	0.850	131.317	0.9967	3.508	0.853	131.466	0.9966	3.807
13	 5	0.790	130.005	0.9917	1.613	0.789	130.430	0.9822	2.375	0.871	128.273	0.9974	2.185	0.881	128.065	0.9971	2.776
13	 6	0.735	132.215	0.9995	0.363	0.741	132.245	0.9997	0.282	0.863	127.250	0.9975	1.608	0.869	127.238	0.9974	1.166
13	 7	0.754	130.300	1.0000	0.100	0.764	129.600	0.9997	0.284	0.847	127.143	0.9968	0.606	0.843	127.499	0.9966	0.910
14	 0	1.286	149.800	0.9939	2.261	1.262	151.925	0.9684	5.094	1.592	142.888	0.9995	6.282	1.589	143.521	0.9990	8.788
14	 1	0.999	150.575	0.9960	1.413	1.023	149.380	0.9978	1.072	1.215	144.682	0.9945	4.346	1.194	146.168	0.9950	4.202
14	 2	0.889	147.655	0.9617	3.970	0.895	148.110	0.9876	2.246	1.014	143.591	0.9974	5.381	1.022	144.398	0.9974	4.568
14	 3	0.815	150.290	0.9943	1.380	0.832	149.530	0.9979	0.861	1.002	140.641	0.9957	3.055	0.995	141.591	0.9956	3.014
14	 4	0.912	138.535	0.9993	0.535	0.903	139.825	0.9959	1.291	0.898	142.139	0.9973	3.372	0.907	142.219	0.9972	3.780
14	 5	0.830	141.570	0.9906	1.807	0.843	140.845	0.9900	1.894	0.917	138.695	0.9976	2.664	0.927	138.548	0.9974	2.961
14	 6	0.766	143.600	0.9995	0.372	0.766	144.015	0.9989	0.561	0.879	138.183	0.9980	1.621	0.877	138.402	0.9979	1.842
14	 7	0.777	141.775	0.9996	0.368	0.779	141.660	0.9996	0.347	0.871	137.290	0.9974	1.383	0.863	137.875	0.9974	1.473
15	 0	1.282	155.660	0.9934	2.331	1.209	161.885	0.9682	4.898	1.598	148.417	0.9995	6.358	1.600	149.053	0.9993	7.269
15	 1	0.988	157.275	0.9970	1.214	1.011	156.425	0.9994	0.540	1.213	150.886	0.9938	5.124	1.197	152.389	0.9942	4.954
15	 2	0.864	155.210	0.9347	5.108	0.870	155.950	0.9701	3.414	0.990	150.913	0.9974	6.427	0.987	152.309	0.9979	5.067
15	 3	0.816	155.170	0.9956	1.217	0.833	154.210	0.9932	1.541	0.957	148.197	0.9959	2.606	0.934	149.726	0.9962	2.577
15	 4	0.907	144.735	0.9981	0.885	0.917	144.440	0.9941	1.577	0.875	149.288	0.9974	3.745	0.895	148.880	0.9972	4.111
15	 5	0.831	147.230	0.9890	1.958	0.841	146.680	0.9881	2.062	0.909	145.363	0.9978	2.969	0.919	145.250	0.9977	3.203
15	 6	0.744	150.835	0.9997	0.279	0.740	151.485	0.9988	0.563	0.867	144.790	0.9978	1.674	0.863	145.135	0.9977	2.074
15	 7	0.770	147.985	0.9980	0.768	0.781	147.265	0.9985	0.683	0.866	143.857	0.9974	1.659	0.859	144.431	0.9976	1.810
16	 0	1.011	163.825	0.9934	1.839	0.972	167.555	0.9499	4.991	1.291	156.940	0.9989	6.524	1.292	157.955	0.9981	8.657
16	 1	0.775	164.180	0.9929	1.469	0.804	162.955	0.9947	1.306	0.976	156.829	0.9947	4.519	0.955	158.795	0.9956	3.779
16	 2	0.691	162.610	0.8903	5.425	0.695	163.760	0.9552	3.365	0.853	155.747	0.9969	7.717	0.871	156.382	0.9973	6.356
16	 3	0.696	160.050	0.9824	2.082	0.725	158.515	0.9897	1.655	0.826	153.640	0.9955	3.731	0.804	155.195	0.9959	3.574
16	 4	0.828	148.625	0.9958	1.197	0.841	148.215	0.9888	2.002	0.778	155.033	0.9975	4.346	0.797	154.611	0.9970	4.885
16	 5	0.739	152.980	0.9693	2.940	0.752	152.310	0.9678	3.063	0.810	151.993	0.9973	4.168	0.816	152.083	0.9973	4.428
16	 6	0.633	159.565	0.9998	0.174	0.607	161.795	0.9978	0.641	0.832	149.840	0.9969	2.604	0.826	150.258	0.9970	3.234
16	 7	0.650	158.305	0.9993	0.382	0.649	158.745	0.9938	1.142	0.818	150.164	0.9965	1.457	0.817	150.599	0.9962	1.798
17	 0	1.207	132.085	0.9952	1.882	1.104	140.735	0.9761	3.862	1.500	125.651	0.9992	6.835	1.494	126.831	0.9989	7.720
17	 1	0.920	134.105	0.9943	1.560	0.964	131.445	0.9989	0.712	1.158	126.041	0.9940	3.894	1.130	127.862	0.9946	3.956
17	 2	0.816	131.730	0.9463	4.344	0.825	132.140	0.9847	2.299	0.971	125.462	0.9974	5.796	0.987	125.816	0.9974	3.871
17	 3	0.777	131.520	0.9937	1.381	0.784	131.535	0.9931	1.457	0.936	123.248	0.9957	3.492	0.924	124.450	0.9957	3.603
17	 4	0.905	118.830	0.9945	1.498	0.915	118.555	0.9892	2.138	0.876	123.828	0.9972	3.786	0.892	123.519	0.9968	4.291
17	 5	0.832	120.930	0.9851	2.284	0.852	119.760	0.9862	2.249	0.883	120.780	0.9976	3.335	0.886	120.890	0.9976	3.573
17	 6	0.754	124.770	0.9994	0.401	0.739	126.225	0.9992	0.471	0.902	118.315	0.9973	2.098	0.895	118.668	0.9973	2.427
17	 7	0.769	122.290	0.9999	0.175	0.768	122.870	0.9978	0.808	0.869	118.449	0.9968	0.903	0.855	119.627	0.9968	1.233
18	 0	1.127	143.125	0.9952	1.748	1.039	150.575	0.9696	4.110	1.425	136.048	0.9991	6.811	1.423	137.068	0.9985	8.705
18	 1	0.874	143.270	0.9904	1.928	0.897	142.185	0.9948	1.444	1.091	136.238	0.9941	3.792	1.065	138.334	0.9950	2.841
18	 2	0.798	139.700	0.9469	4.225	0.800	140.745	0.9795	2.587	0.919	135.382	0.9973	5.819	0.921	136.455	0.9975	4.425
18	 3	0.756	140.625	0.9940	1.316	0.768	140.325	0.9960	1.093	0.913	132.887	0.9956	3.113	0.901	134.181	0.9956	3.110
18	 4	0.873	128.985	0.9959	1.250	0.851	131.150	0.9878	2.111	0.858	133.211	0.9970	3.418	0.875	132.973	0.9968	3.601
18	 5	0.805	131.365	0.9834	2.337	0.801	132.320	0.9713	3.076	0.877	130.293	0.9975	3.166	0.887	130.422	0.9975	3.580
18	 6	0.709	136.615	0.9996	0.323	0.686	138.790	0.9996	0.317	0.874	128.700	0.9976	1.941	0.868	129.085	0.9974	2.415
18	 7	0.731	134.520	0.9998	0.218	0.741	133.930	0.9993	0.448	0.873	128.100	0.9965	1.242	0.875	128.172	0.9964	1.210
19	 0	1.137	129.465	0.9900	2.558	1.039	137.510	0.9743	3.775	1.465	120.733	0.9993	6.362	1.465	121.743	0.9989	7.834
19	 1	0.876	129.555	0.9904	1.923	0.902	128.240	0.9946	1.488	1.106	121.678	0.9943	4.071	1.085	123.490	0.9949	2.808
19	 2	0.819	124.320	0.9546	3.994	0.822	125.355	0.9850	2.268	0.939	120.688	0.9975	5.758	0.961	120.930	0.9974	4.555
19	 3	0.770	125.700	0.9930	1.441	0.782	125.425	0.9954	1.189	0.936	117.917	0.9950	3.198	0.930	118.976	0.9949	3.064
19	 4	0.866	115.410	0.9961	1.206	0.866	115.955	0.9897	1.977	0.854	119.338	0.9972	3.457	0.873	118.981	0.9968	3.926
19	 5	0.788	118.735	0.9831	2.307	0.796	118.390	0.9785	2.638	0.870	116.642	0.9974	3.282	0.873	116.796	0.9973	3.724
19	 6	0.730	121.210	0.9995	0.376	0.707	123.335	0.9997	0.288	0.886	114.366	0.9972	2.052	0.881	114.722	0.9971	2.394
19	 7	0.726	120.770	0.9993	0.439	0.728	120.645	0.9985	0.630	0.862	114.538	0.9965	1.554	0.863	114.807	0.9961	1.556
20	 0	1.298	140.530	0.9936	2.332	1.180	150.380	0.9796	3.812	1.609	133.612	0.9992	7.557	1.608	134.818	0.9989	8.701
20	 1	0.992	143.020	0.9912	2.087	1.017	141.800	0.9948	1.639	1.250	134.819	0.9935	4.385	1.245	135.971	0.9940	3.090
20	 2	0.866	140.595	0.9470	4.580	0.863	142.240	0.9776	2.923	1.009	135.100	0.9975	6.066	1.016	136.240	0.9978	4.732
20	 3	0.807	141.455	0.9940	1.401	0.798	142.930	0.9924	1.563	0.995	131.630	0.9953	3.921	0.993	132.575	0.9947	4.661
20	 4	0.928	128.560	0.9964	1.239	0.921	129.745	0.9924	1.803	0.894	133.429	0.9976	3.547	0.912	133.321	0.9974	3.763
20	 5	0.839	131.635	0.9829	2.478	0.829	133.075	0.9869	2.135	0.909	129.743	0.9978	3.238	0.918	129.945	0.9975	3.277
20	 6	0.778	133.530	0.9993	0.464	0.751	136.015	0.9995	0.367	0.916	127.225	0.9977	1.917	0.906	127.718	0.9976	2.597
20	 7	0.772	132.935	0.9991	0.518	0.767	133.645	0.9959	1.100	0.886	127.387	0.9973	1.346	0.883	128.002	0.9972	1.746
21	 0	1.252	147.560	0.9894	2.891	1.151	156.440	0.9640	4.971	1.543	141.596	0.9990	7.945	1.552	142.664	0.9985	9.772
21	 1	0.946	150.535	0.9887	2.262	0.975	149.070	0.9929	1.849	1.209	141.721	0.9936	4.543	1.200	143.370	0.9939	4.050
21	 2	0.865	145.690	0.9554	4.183	0.868	146.990	0.9874	2.189	0.993	141.648	0.9976	5.859	0.989	143.295	0.9978	4.543
21	 3	0.799	147.815	0.9918	1.627	0.786	149.770	0.9889	1.861	0.984	138.591	0.9950	3.849	0.967	140.624	0.9948	4.591
21	 4	0.925	134.635	0.9950	1.465	0.908	136.885	0.9864	2.386	0.887	140.186	0.9974	3.578	0.909	140.079	0.9972	3.953
21	 5	0.863	135.655	0.9864	2.265	0.877	135.225	0.9779	2.947	0.905	136.293	0.9977	3.264	0.918	136.204	0.9975	3.730
21	 6	0.762	140.710	0.9990	0.543	0.756	141.910	0.9999	0.194	0.905	134.286	0.9976	2.075	0.911	134.423	0.9974	2.173
21	 7	0.760	140.065	0.9987	0.619	0.750	141.360	0.9925	1.456	0.876	134.560	0.9969	1.531	0.875	135.155	0.9970	1.826
22	 0	1.221	175.900	0.9864	3.207	1.096	186.815	0.9530	5.438	1.570	165.477	0.9990	8.034	1.553	167.874	0.9986	9.408
22	 1	1.054	168.175	0.9939	1.845	1.098	165.765	0.9960	1.549	1.260	164.552	0.9923	6.608	1.239	166.690	0.9930	6.932
22	 2	0.892	169.680	0.9484	4.650	0.910	170.060	0.9851	2.506	1.008	166.247	0.9973	6.592	1.013	167.781	0.9976	5.020
22	 3	0.799	172.070	0.9799	2.558	0.791	173.510	0.9741	2.884	0.995	161.937	0.9951	4.842	0.976	163.888	0.9952	5.481
22	 4	0.925	159.055	0.9897	2.115	0.909	161.315	0.9790	2.975	0.897	163.657	0.9974	3.851	0.922	163.577	0.9971	4.439
22	 5	0.868	160.740	0.9842	2.460	0.881	160.285	0.9873	2.235	0.898	161.807	0.9979	3.776	0.903	162.164	0.9978	4.363
22	 6	0.762	165.850	0.9996	0.355	0.771	165.795	0.9985	0.670	0.931	157.835	0.9971	2.582	0.930	158.108	0.9971	2.710
22	 7	0.716	167.020	0.9976	0.791	0.726	166.710	0.9989	0.540	0.821	161.082	0.9975	2.917	0.821	161.609	0.9974	2.542
23	 0	1.211	133.220	0.9812	3.748	1.108	142.595	0.9545	5.410	1.481	127.493	0.9989	8.214	1.477	129.332	0.9983	10.112
23	 1	0.944	134.120	0.9862	2.497	0.989	131.665	0.9882	2.414	1.189	126.503	0.9938	4.767	1.179	128.292	0.9944	5.031
23	 2	0.838	131.265	0.9264	5.282	0.844	132.520	0.9767	2.913	0.955	127.520	0.9974	7.313	0.950	129.411	0.9978	5.817
23	 3	0.784	132.835	0.9825	2.341	0.756	136.230	0.9842	2.146	0.959	124.197	0.9948	4.192	0.944	126.218	0.9938	5.102
23	 4	0.920	119.320	0.9928	1.747	0.918	120.580	0.9843	2.589	0.854	126.583	0.9975	4.029	0.877	126.701	0.9975	4.770
23	 5	0.836	122.725	0.9777	2.823	0.862	121.365	0.9730	3.214	0.894	122.428	0.9975	3.778	0.914	122.203	0.9972	4.381
23	 6	0.757	125.820	0.9999	0.168	0.780	124.895	0.9975	0.874	0.882	120.787	0.9977	2.108	0.888	120.904	0.9974	2.254
23	 7	0.749	125.465	0.9996	0.328	0.748	125.845	0.9988	0.592	0.861	120.548	0.9968	1.343	0.855	121.252	0.9965	1.551
24	 0	1.231	121.415	0.9970	1.497	1.220	122.115	0.9872	3.106	1.610	110.211	0.9997	4.740	1.604	110.530	0.9996	5.248
24	 1	0.941	123.605	0.9971	1.128	0.959	122.755	0.9970	1.172	1.233	112.838	0.9936	2.062	1.225	113.677	0.9936	2.114
24	 2	0.875	116.995	0.9895	2.019	0.878	117.510	0.9980	0.882	1.022	111.933	0.9975	3.227	1.030	112.425	0.9975	2.442
24	 3	0.847	116.140	0.9992	0.541	0.862	115.515	0.9992	0.537	1.003	109.726	0.9956	2.227	1.000	110.442	0.9953	2.438
24	 4	0.891	108.705	0.9983	0.830	0.892	108.975	0.9977	0.959	0.930	109.714	0.9965	2.138	0.931	110.045	0.9967	2.202
24	 5	0.862	108.080	0.9944	1.444	0.863	108.260	0.9934	1.574	0.938	107.071	0.9975	2.152	0.943	107.047	0.9975	2.117
24	 6	0.773	112.115	0.9999	0.155	0.784	111.635	0.9998	0.255	0.908	106.261	0.9979	1.573	0.915	106.158	0.9980	1.453
24	 7	0.802	108.430	0.9998	0.261	0.800	108.590	0.9998	0.250	0.893	105.384	0.9968	0.774	0.887	105.827	0.9970	0.947
25	 0	1.090	157.710	0.9981	1.073	1.082	158.255	0.9949	1.734	1.430	148.195	0.9998	3.660	1.447	147.827	0.9997	3.860
25	 1	0.820	158.230	0.9995	0.393	0.841	157.020	0.9995	0.402	1.040	149.991	0.9942	1.459	1.032	150.837	0.9945	1.156
25	 2	0.777	153.000	0.9954	1.181	0.757	155.190	0.9992	0.491	0.918	147.660	0.9975	2.083	0.921	148.146	0.9975	1.848
25	 3	0.776	151.185	0.9986	0.648	0.767	152.345	0.9996	0.359	0.925	145.083	0.9948	1.598	0.911	146.193	0.9952	1.578
25	 4	0.790	147.075	0.9994	0.422	0.794	147.105	0.9980	0.801	0.864	145.619	0.9965	1.296	0.867	145.805	0.9965	1.696
25	 5	0.767	146.515	0.9941	1.324	0.766	146.740	0.9943	1.296	0.874	143.302	0.9971	1.565	0.872	143.508	0.9972	1.709
25	 6	0.702	149.545	0.9977	0.759	0.690	150.675	0.9954	1.054	0.853	142.645	0.9978	1.167	0.856	142.665	0.9978	1.553
25	 7	0.728	146.765	0.9998	0.219	0.734	146.405	0.9998	0.230	0.852	141.941	0.9968	0.576	0.855	141.925	0.9969	0.636
26	 0	1.234	156.270	0.9998	0.410	1.248	154.885	0.9995	0.620	1.575	148.205	0.9998	4.175	1.573	148.262	0.9997	4.548
26	 1	0.905	161.140	0.9996	0.402	0.924	159.900	0.9998	0.316	1.174	151.054	0.9935	1.432	1.174	151.274	0.9936	1.127
26	 2	0.824	156.470	0.9928	1.574	0.821	157.200	0.9955	1.233	0.982	149.881	0.9975	2.010	0.978	150.451	0.9976	1.929
26	 3	0.824	153.565	0.9999	0.215	0.816	154.380	0.9995	0.388	0.972	147.368	0.9952	1.874	0.976	147.545	0.9952	2.115
26	 4	0.833	149.255	0.9994	0.474	0.831	149.495	0.9989	0.619	0.920	146.677	0.9963	1.242	0.921	146.772	0.9963	1.384
26	 5	0.806	148.825	0.9973	0.931	0.801	149.200	0.9977	0.866	0.914	144.924	0.9975	1.167	0.911	145.129	0.9976	1.005
26	 6	0.883	141.230	0.9895	2.034	0.787	147.760	0.9999	0.176	0.922	143.106	0.9977	3.079	0.897	143.788	0.9981	0.729
26	 7	0.751	149.290	0.9993	0.451	0.752	149.140	0.9993	0.447	0.878	143.416	0.9972	1.003	0.878	143.485	0.9973	0.895
27	 0	1.180	167.295	0.9992	0.742	1.183	166.790	0.9967	1.524	1.572	155.126	0.9999	2.699	1.582	154.524	0.9999	2.816
27	 1	0.880	168.585	0.9992	0.558	0.914	166.285	0.9998	0.288	1.140	158.448	0.9939	1.756	1.149	158.397	0.9939	1.317
27	 2	0.833	162.760	0.9986	0.686	0.823	163.745	0.9993	0.487	0.993	156.511	0.9972	1.281	0.995	156.674	0.9974	1.105
27	 3	0.827	160.155	0.9996	0.382	0.826	160.425	0.9996	0.382	0.951	155.527	0.9956	1.310	0.951	155.691	0.9957	1.442
27	 4	0.816	157.530	0.9998	0.252	0.816	157.615	0.9995	0.416	0.912	154.164	0.9959	1.142	0.916	154.116	0.9962	1.477
27	 5	0.812	155.535	0.9993	0.497	0.815	155.285	0.9992	0.524	0.907	152.689	0.9975	1.165	0.906	152.753	0.9975	1.146
27	 6	0.743	158.245	0.9999	0.175	0.750	157.760	0.9997	0.297	0.872	152.290	0.9982	1.263	0.873	152.276	0.9984	1.149
27	 7	0.772	154.910	0.9999	0.155	0.772	154.910	0.9999	0.155	0.860	151.643	0.9973	0.778	0.860	151.657	0.9974	0.799
28	 0	1.086	134.910	0.9992	0.701	1.103	133.260	0.9974	1.247	1.510	120.215	0.9999	2.705	1.518	119.516	0.9999	2.762
28	 1	0.838	134.435	0.9969	1.045	0.842	134.045	0.9964	1.138	1.110	123.212	0.9939	2.254	1.111	123.111	0.9942	2.016
28	 2	0.828	125.735	0.9993	0.487	0.825	126.130	0.9995	0.412	0.972	120.855	0.9970	1.159	0.976	120.774	0.9970	1.212
28	 3	0.806	124.595	0.9989	0.597	0.806	124.585	0.9988	0.615	0.950	119.122	0.9949	1.324	0.946	119.336	0.9951	1.359
28	 4	0.805	121.210	0.9979	0.817	0.805	121.210	0.9979	0.817	0.891	119.155	0.9960	1.438	0.891	119.148	0.9960	1.486
28	 5	0.781	120.865	0.9978	0.829	0.782	120.825	0.9978	0.821	0.870	118.135	0.9972	0.931	0.869	118.215	0.9973	0.963
28	 6	0.740	121.980	0.9994	0.417	0.745	121.565	0.9999	0.169	0.871	116.640	0.9978	0.733	0.870	116.623	0.9978	0.670
28	 7	0.757	119.320	1.0000	0.057	0.757	119.310	0.9999	0.122	0.847	116.575	0.9971	0.790	0.851	116.492	0.9972	0.893
29	 0	1.176	224.060	0.9996	0.499	1.176	223.860	0.9990	0.813	1.610	209.530	0.9999	2.580	1.616	209.168	0.9999	2.857
29	 1	0.930	221.985	0.9982	0.881	0.930	221.905	0.9986	0.784	1.193	212.364	0.9939	2.282	1.194	212.262	0.9941	2.085
29	 2	0.840	218.450	0.9988	0.653	0.838	218.555	0.9987	0.686	1.034	210.224	0.9971	1.806	1.032	210.288	0.9971	1.881
29	 3	0.825	216.310	1.0000	0.084	0.827	216.160	0.9999	0.131	0.996	208.575	0.9952	1.943	0.996	208.616	0.9955	1.940
29	 4	0.800	214.325	1.0000	0.115	0.794	214.825	0.9998	0.221	0.936	208.099	0.9960	1.746	0.937	208.040	0.9961	1.822
29	 5	0.800	211.980	0.9997	0.316	0.804	211.580	1.0000	0.043	0.931	206.534	0.9975	0.952	0.928	206.621	0.9976	0.828
29	 6	0.774	211.235	0.9996	0.325	0.762	212.350	1.0000	0.093	0.910	205.156	0.9980	1.158	0.914	205.078	0.9979	1.404
29	 7	0.788	208.455	0.9981	0.779	0.787	208.535	0.9980	0.782	0.897	204.454	0.9970	1.212	0.897	204.441	0.9970	1.209
30	 0	1.302	212.975	0.9993	0.773	1.310	212.145	0.9987	1.060	1.748	197.624	0.9999	2.316	1.761	196.841	0.9999	2.754
30	 1	1.020	213.460	0.9993	0.582	1.026	212.980	0.9996	0.438	1.321	202.244	0.9934	2.045	1.331	201.868	0.9937	2.259
30	 2	0.908	209.575	0.9989	0.660	0.910	209.465	0.9993	0.519	1.122	200.634	0.9970	2.162	1.121	200.685	0.9972	2.079
30	 3	0.893	207.645	0.9984	0.796	0.897	207.385	0.9982	0.852	1.078	199.416	0.9956	2.520	1.076	199.508	0.9956	2.495
30	 4	0.857	205.495	0.9994	0.452	0.856	205.545	0.9996	0.401	0.977	200.064	0.9964	1.987	0.978	199.978	0.9964	1.856
30	 5	0.855	201.765	0.9962	1.183	0.855	201.725	0.9957	1.263	0.976	197.004	0.9976	1.665	0.966	197.400	0.9977	1.829
30	 6	0.935	193.625	0.9921	1.863	0.842	199.760	0.9995	0.415	0.973	195.361	0.9975	3.163	0.944	196.176	0.9978	0.915
30	 7	0.838	198.280	0.9989	0.620	0.836	198.510	0.9977	0.908	0.898	196.710	0.9974	1.316	0.903	196.591	0.9974	1.538
31	 0	1.178	106.125	0.9999	0.192	1.193	104.725	0.9992	0.749	1.577	92.994	0.9999	3.038	1.584	92.487	0.9998	3.568
31	 1	0.945	105.100	0.9993	0.572	0.956	104.355	0.9991	0.653	1.185	97.131	0.9939	1.616	1.184	97.158	0.9939	1.866
31	 2	0.828	103.540	0.9936	1.487	0.828	103.555	0.9934	1.505	1.020	95.742	0.9974	1.993	1.019	95.824	0.9974	2.035
31	 3	0.829	100.180	0.9975	0.920	0.831	100.190	0.9986	0.699	0.968	94.641	0.9952	1.676	0.970	94.675	0.9953	1.589
31	 4	0.824	97.050	0.9984	0.730	0.823	97.175	0.9990	0.569	0.915	94.210	0.9962	1.793	0.912	94.314	0.9963	2.012
31	 5	0.796	96.425	0.9995	0.409	0.796	96.470	0.9993	0.463	0.891	93.082	0.9976	0.967	0.888	93.292	0.9976	1.092
31	 6	0.754	96.955	1.0000	0.108	0.757	96.770	0.9999	0.134	0.898	90.508	0.9978	1.069	0.898	90.485	0.9978	0.977
31	 7	0.759	95.155	0.9994	0.432	0.758	95.180	0.9994	0.402	0.866	90.945	0.9972	0.666	0.869	90.824	0.9972	0.757
