144
129
93
109
134
76
141
73
158
136
114
127
158
106
172
113
131
109
81
97
129
80
142
74
152
135
101
124
150
97
165
98
168
148
137
136
160
111
171
113
125
112
82
97
119
75
130
68
164
150
121
137
168
114
189
123
141
122
97
110
136
524
141
77
154
136
105
125
151
104
169
101
148
130
96
117
144
94
150
96
130
113
81
97
127
76
138
68
158
138
106
125
152
104
162
100
148
128
97
269
514
291
153
101
154
142
114
129
153
104
164
105
145
125
97
118
145
91
151
91
162
145
110
132
157
113
174
111
150
139
106
120
597
98
155
97
162
147
124
138
162
114
181
122
142
132
573
119
139
88
148
88
140
625
97
110
136
90
153
85
355
161
106
120
141
105
170
110
152
132
101
118
146
97
163
101
132
120
567
108
131
87
138
78
149
130
99
123
151
101
168
98
153
137
109
123
146
103
162
97
153
145
118
132
154
109
166
113
144
123
97
113
140
94
158
96
152
133
104
120
147
104
166
105
144
128
97
116
140
87
148
84
150
132
101
125
152
106
170
103
162
146
115
135
163
110
178
117
132
114
81
104
114
76
129
64
149
133
101
114
136
89
150
93
155
132
114
125
153
106
162
103
154
136
105
126
152
110
165
105
132
118
538
521
128
81
141
85
140
119
87
107
130
82
144
75
146
123
94
115
138
83
142
82
708
119
91
109
139
91
149
93
141
117
93
103
130
85
144
80
158
142
113
131
161
113
170
109
153
145
114
129
162
111
179
119
154
130
104
121
149
97
164
95
144
126
102
117
136
91
155
88
147
126
99
121
145
91
153
90
154
139
109
119
156
533
165
104
133
121
89
107
130
78
139
74
148
130
100
117
140
96
625
98
147
132
101
116
142
97
609
100
155
141
114
126
156
101
164
98
151
133
112
127
153
106
173
105
153
133
115
532
149
103
168
109
128
108
83
93
110
72
128
61
149
133
101
118
146
100
158
101
100
78
52
74
643
53
117
54
154
138
109
130
160
109
173
110
142
129
101
116
131
84
132
73
154
141
109
128
156
109
174
113
148
130
105
120
149
532
156
97
135
120
94
113
136
87
141
585
143
122
100
114
143
86
151
92
149
134
106
118
147
90
149
93
149
133
105
125
153
105
170
102
151
138
108
126
145
101
160
104
148
132
102
117
146
97
154
90
156
137
106
123
154
100
164
101
154
138
110
126
150
96
150
91
157
138
108
125
150
98
160
98
148
123
95
112
138
85
153
83
157
140
105
131
154
101
170
106
162
138
114
134
166
113
178
117
139
119
90
109
140
94
154
90
149
122
92
116
138
81
150
85
154
136
110
122
145
100
657
94
169
150
122
139
166
117
185
122
149
138
110
124
154
108
167
107
157
141
111
134
162
104
177
111
150
130
107
124
148
100
166
94
149
134
109
117
612
100
167
100
150
130
98
124
148
100
166
100
136
113
90
101
126
75
132
67
137
121
91
101
116
74
136
63
150
144
110
127
157
106
168
109
141
112
92
106
130
81
142
77
146
128
105
119
141
93
157
91
150
131
98
119
138
91
160
89
141
115
92
105
132
78
132
69
148
126
102
118
143
96
153
94
146
122
101
115
140
91
148
89
152
136
104
123
143
96
154
90
154
136
113
128
159
107
174
114
140
129
97
113
140
91
147
83
148
131
98
115
142
93
160
97
149
126
97
117
144
91
152
92
154
133
106
121
242
478
154
97
153
129
100
116
146
91
153
88
158
148
114
129
157
101
164
106
129
108
79
93
117
69
119
53
174
157
132
144
174
122
186
126
152
131
110
133
154
102
164
107
133
118
89
100
122
68
119
58
149
132
99
122
137
93
149
96
152
134
103
122
148
96
160
101
139
116
91
105
136
81
144
81
151
130
101
117
148
93
151
87
152
125
102
116
146
100
165
104
164
138
110
126
153
107
169
106
137
114
86
106
118
72
123
66
134
121
94
110
130
82
139
74
157
141
114
131
161
105
171
101
145
126
104
118
146
97
151
90
175
150
120
137
167
122
182
122
140
123
99
115
136
82
141
77
158
132
106
121
154
101
165
105
147
126
549
119
146
95
160
98
148
130
108
118
150
93
155
96
149
129
97
114
137
92
148
85
160
150
118
138
165
114
178
119
138
117
88
102
136
85
153
89
154
132
104
115
144
90
150
90
154
133
109
122
149
106
169
105
154
134
106
133
149
97
159
97
146
129
90
112
138
89
153
82
154
132
105
125
151
103
165
106
162
143
116
157
309
105
163
100
136
117
88
101
121
74
130
72
141
126
101
114
138
89
160
96
133
701
83
99
123
70
123
69
158
138
112
123
148
98
157
97
139
118
93
105
124
74
590
74
149
123
98
118
142
88
150
86
113
98
72
86
98
59
712
53
623
137
106
129
405
426
168
104
156
139
109
134
162
108
168
108
152
132
101
126
146
101
163
102
155
139
109
126
155
106
175
112
138
129
100
530
135
100
573
92
152
132
107
118
145
101
161
106
139
122
92
116
136
83
612
85
149
128
99
114
137
92
148
80
166
146
117
135
161
105
180
116
147
123
94
522
140
97
157
98
152
131
105
122
142
96
154
94
153
137
112
122
144
91
162
98
154
138
115
130
146
92
156
89
144
121
94
113
141
89
138
83
146
129
94
116
143
93
147
93
146
128
520
114
142
102
157
98
137
117
82
103
129
81
139
76
146
128
100
119
145
97
159
89
151
130
104
125
141
98
155
91
136
120
95
115
577
281
131
70
149
132
106
124
148
98
157
102
132
117
85
101
116
75
126
64
139
123
98
107
588
80
134
77
151
130
97
121
146
101
723
103
140
120
93
536
129
86
137
80
144
120
100
116
138
90
144
86
146
126
104
123
149
96
153
96
160
142
113
133
160
106
175
114
153
130
101
119
290
96
161
90
145
136
95
118
147
100
168
103
150
132
106
120
144
509
158
96
137
721
80
100
116
70
125
62
162
148
117
129
154
116
589
121
151
134
104
651
141
97
161
103
152
136
104
117
138
80
139
84
148
132
107
120
139
91
149
93
139
118
91
112
128
79
137
74
161
149
117
134
158
117
178
118
162
136
111
128
486
247
166
103
135
116
94
103
586
69
120
58
170
152
120
136
161
117
173
121
147
133
106
119
145
94
154
93
155
130
104
120
147
100
167
101
154
136
105
124
146
99
157
100
145
132
104
120
145
98
160
94
156
139
117
125
161
111
169
112
156
133
110
119
152
104
161
98
164
146
119
131
168
120
186
122
149
130
101
117
145
93
152
470
138
111
85
101
122
77
136
72
150
130
101
115
142
86
148
85
162
138
109
132
156
106
173
112
149
140
105
125
149
104
157
99
162
138
110
127
157
108
178
109
130
113
84
105
642
70
129
69
154
438
107
129
150
97
165
101
142
127
100
118
142
94
146
85
145
126
102
114
134
82
430
78
154
140
492
126
153
106
165
101
151
135
111
182
146
101
586
106
154
136
104
123
146
99
166
104
104
82
58
598
93
774
105
54
154
131
111
123
152
101
155
97
149
141
106
120
151
442
160
95
154
128
103
123
153
97
167
104
150
129
96
114
141
89
149
84
146
129
97
116
134
84
146
80
147
129
100
120
142
505
154
86
139
114
88
105
133
84
135
78
156
144
114
134
160
115
638
116
141
123
98
113
139
83
143
78
153
128
104
122
146
95
155
101
156
138
105
125
156
105
162
100
149
136
104
122
605
99
158
97
153
135
103
126
151
97
159
97
155
137
106
122
152
105
169
101
134
120
86
103
120
73
129
70
144
132
97
116
136
89
144
89
132
116
86
106
593
73
117
65
155
142
103
127
150
104
170
104
157
139
107
124
150
102
173
104
147
128
102
118
144
94
158
93
133
116
88
109
132
81
138
80
140
121
94
627
135
86
138
85
155
140
113
130
151
111
172
112
156
132
104
121
148
96
158
96
150
129
97
109
138
80
141
82
151
136
104
117
146
96
155
95
134
109
87
107
127
77
141
77
154
135
105
128
153
101
160
104
150
138
108
128
149
107
168
111
151
129
102
120
146
99
160
94
153
130
105
129
152
105
161
108
149
127
106
124
149
95
166
104
138
122
96
109
723
89
190
94
151
136
103
123
144
102
166
102
136
116
87
106
130
84
718
82
150
132
109
123
150
106
162
99
146
129
105
112
138
90
153
94
145
693
94
112
137
93
146
87
145
123
100
114
137
86
141
75
136
118
94
109
124
80
137
76
143
130
105
117
148
100
162
101
154
133
105
120
148
91
157
90
150
129
101
117
146
99
157
95
149
126
97
115
139
96
166
601
157
134
107
121
150
101
169
108
142
121
94
109
126
74
133
69
162
146
115
133
154
109
168
111
161
137
107
123
149
104
170
106
138
121
91
109
136
91
323
606
157
146
115
129
161
106
175
107
155
137
107
122
149
94
164
101
141
117
90
108
125
74
141
74
132
113
91
106
118
65
108
58
146
125
91
111
134
89
157
90
154
133
104
501
147
96
156
89
125
114
93
616
126
73
140
76
145
133
104
118
149
100
162
582
153
130
106
117
148
104
170
101
140
128
100
116
141
87
144
83
148
130
104
118
144
89
157
94
128
100
78
94
113
542
115
55
133
118
92
103
124
77
128
66
149
132
101
117
142
90
149
86
149
133
105
123
147
101
160
99
139
122
89
107
126
81
148
86
153
141
112
129
154
104
169
101
140
120
98
113
133
89
146
85
141
119
96
115
130
86
147
77
144
131
105
125
145
93
149
86
145
126
101
114
138
91
140
77
166
145
116
133
162
109
176
114
143
127
104
118
145
94
154
92
148
129
103
123
153
98
159
96
149
129
101
118
139
89
140
82
138
121
89
108
130
86
147
80
141
115
96
114
134
85
150
83
135
114
91
544
130
75
135
75
140
124
97
114
131
84
132
78
153
140
101
119
152
103
165
103
143
136
103
122
148
101
162
578
136
125
92
117
138
86
145
81
139
122
85
107
135
86
153
89
153
142
114
132
153
109
171
105
148
124
98
115
142
92
150
85
139
117
97
110
133
86
145
81
142
125
94
110
134
81
141
77
154
135
114
121
150
97
153
98
154
130
103
122
151
105
167
103
150
131
102
121
147
97
162
97
149
133
104
121
151
99
157
99
154
134
106
127
152
105
164
105
160
143
111
130
165
113
175
114
161
142
110
129
677
106
168
152
165
146
114
136
160
115
173
118
158
136
110
126
156
99
170
105
132
115
88
111
129
77
126
70
133
114
91
104
125
75
130
68
118
99
78
89
109
67
128
57
162
138
109
128
164
112
178
114
150
132
100
122
148
100
164
97
153
137
102
123
144
98
164
100
144
132
98
114
138
80
138
78
144
132
98
112
143
91
150
88
141
128
98
125
651
91
146
88
139
119
91
107
133
82
139
80
138
121
96
615
133
83
144
81
147
131
101
118
147
97
156
90
145
122
101
120
139
91
145
87
155
136
104
123
605
98
156
95
146
130
101
119
146
95
157
93
109
658
73
80
100
560
197
45
145
128
97
114
138
92
156
89
166
139
111
127
154
108
173
119
141
118
93
109
129
80
139
77
154
131
100
123
150
95
157
96
141
126
93
109
136
86
144
77
151
136
104
126
151
100
165
100
138
113
81
103
125
81
144
75
160
134
106
123
148
98
160
105
153
137
113
122
154
102
164
101
155
137
113
124
585
98
157
102
133
113
90
110
125
637
133
72
153
135
101
614
148
100
161
100
650
550
82
120
122
75
130
73
146
126
104
391
138
88
151
82
148
130
102
114
142
92
157
95
148
121
98
117
143
88
145
90
148
121
98
104
133
77
133
73
151
131
109
127
155
105
162
101
149
136
104
122
145
96
158
94
152
141
109
126
149
101
166
98
123
105
74
92
118
490
738
69
162
139
111
128
153
107
168
491
163
148
116
134
170
110
175
111
153
137
113
130
157
104
172
116
149
130
98
122
150
104
170
102
138
122
96
114
137
85
149
90
141
120
86
105
131
85
154
494
141
118
89
105
122
74
122
63
149
136
105
125
146
104
162
94
145
126
97
123
145
90
160
99
161
146
117
135
160
117
176
117
132
114
96
106
734
82
147
83
125
104
73
91
110
62
117
54
137
125
710
116
135
90
146
85
133
116
90
106
120
71
121
60
153
136
108
130
157
107
181
116
154
131
111
130
160
112
173
109
156
142
115
124
158
110
170
110
150
128
98
123
149
100
169
104
130
110
83
95
113
64
117
56
161
140
113
127
152
106
172
105
149
135
105
118
150
100
156
97
147
133
105
119
149
106
166
100
152
138
112
125
149
107
169
109
150
132
103
121
147
94
161
97
153
130
104
118
142
91
154
94
150
133
102
119
147
98
158
97
125
109
77
96
116
72
134
67
152
136
107
124
148
104
169
100
154
137
115
128
157
192
165
101
154
131
106
120
147
90
151
86
160
142
114
131
164
109
178
116
155
133
106
121
150
96
157
95
144
121
95
528
133
86
143
82
149
131
96
116
137
90
149
83
142
119
93
113
125
78
129
71
155
140
99
117
147
95
162
97
154
133
98
119
152
98
166
102
157
137
110
125
154
104
168
105
154
136
107
128
156
107
174
107
136
119
96
109
133
639
146
85
158
141
109
126
159
110
175
108
154
129
100
117
149
100
162
99
141
123
90
105
141
84
153
83
149
127
100
117
142
100
159
100
138
121
91
108
132
77
137
78
154
141
112
130
152
107
173
104
141
121
96
110
141
95
157
88
149
131
102
117
136
86
138
77
146
122
89
107
132
88
149
88
152
141
116
130
157
110
173
115
144
124
91
110
133
86
145
80
156
137
104
124
150
100
164
106
170
146
120
132
164
112
186
123
154
133
109
126
154
109
168
109
168
151
122
137
166
117
184
125
143
123
98
113
141
81
137
80
155
137
107
127
156
113
169
109
145
124
91
111
136
87
154
86
160
143
109
129
150
110
173
109
135
116
88
107
122
74
131
68
150
125
99
118
149
100
166
100
143
122
90
113
133
86
149
76
161
145
116
132
155
109
168
107
155
142
104
126
149
106
168
102
150
131
100
119
148
99
160
100
154
130
100
121
145
100
162
98
162
147
116
132
154
100
167
102
155
134
107
123
145
95
160
96
153
134
107
120
149
93
156
92
140
123
573
112
138
86
154
89
165
141
109
133
160
110
180
115
143
124
96
118
144
86
151
84
139
122
96
109
130
82
135
75
137
120
93
110
124
69
117
58
164
139
111
126
157
109
181
112
162
140
115
134
160
113
172
114
147
128
97
117
142
87
149
83
146
129
103
122
139
90
150
89
160
139
104
121
150
102
173
109
140
125
101
426
593
85
144
82
168
149
116
136
163
112
181
122
148
132
98
123
152
101
169
104
142
129
612
114
141
89
150
88
148
120
99
118
147
96
162
96
146
130
97
114
140
89
146
90
149
134
103
120
152
96
164
104
141
124
93
112
133
523
143
81
128
107
80
94
126
82
815
53
155
141
110
128
149
502
162
100
141
125
93
113
131
87
146
85
145
132
102
124
148
99
161
101
154
138
106
122
152
107
166
101
151
129
103
123
144
96
162
104
157
134
103
121
142
90
154
88
152
130
96
114
148
92
161
102
154
138
102
124
153
106
170
112
146
122
91
108
136
85
148
80
148
130
98
116
151
93
153
98
144
125
92
115
133
84
136
84
152
135
103
119
149
100
158
97
153
132
105
125
153
101
158
96
162
145
114
132
153
104
168
105
157
134
114
125
150
102
166
99
155
138
109
128
153
106
175
107
136
121
90
101
123
68
121
60
145
129
102
116
148
94
155
93
150
125
102
121
149
101
164
98
133
111
85
102
132
81
137
78
146
125
105
117
144
91
153
88
152
137
104
122
151
101
165
100
128
102
78
94
116
65
114
57
140
121
90
109
138
87
151
87
149
133
107
119
148
96
161
99
132
105
72
95
116
75
134
69
154
139
108
128
154
104
172
105
124
105
81
94
102
61
674
54
133
110
92
108
128
81
138
79
154
135
110
128
154
104
173
109
161
144
116
137
170
119
186
119
142
124
98
113
139
86
150
85
133
113
80
100
130
83
142
78
160
135
107
124
148
106
172
107
148
130
95
114
147
102
155
94
148
130
98
114
138
93
155
91
151
129
104
121
152
103
170
107
155
133
108
118
150
100
160
96
151
136
105
119
151
102
167
102
144
125
98
114
134
90
147
80
166
144
117
133
162
112
182
119
150
130
101
122
146
94
158
97
132
109
87
101
117
66
113
57
130
115
88
98
116
66
116
57
154
133
103
116
144
91
155
86
158
139
109
126
154
105
169
107
133
118
87
104
129
78
135
68
166
153
124
137
168
120
187
123
144
124
91
114
144
91
155
92
138
120
95
109
130
81
140
74
357
116
90
100
128
76
137
74
150
134
104
118
145
260
596
99
155
134
104
126
152
105
170
97
72
43
38
46
937
25
52
23
156
132
103
118
154
98
170
109
151
131
100
119
149
102
165
101
135
121
91
621
131
85
146
82
144
128
101
117
139
91
149
87
139
126
96
116
631
86
147
88
150
130
102
119
146
101
164
104
123
98
74
92
101
55
102
44
154
138
101
122
582
101
166
104
157
136
103
126
153
104
167
103
159
141
111
130
160
106
170
110
128
109
82
95
114
62
109
50
174
147
118
132
154
113
175
115
134
115
83
96
110
63
108
50
153
133
107
124
149
97
157
95
142
128
104
122
144
92
153
92
122
97
66
87
108
59
122
55
148
132
102
120
139
85
139
83
153
134
592
121
144
96
156
94
145
123
94
113
133
84
140
81
140
124
99
118
138
89
146
85
148
136
102
116
141
93
147
85
147
125
97
117
141
93
154
90
135
122
95
108
130
82
140
77
157
141
101
123
156
106
177
113
136
116
85
104
125
78
136
81
146
128
98
121
145
97
155
97
150
130
104
123
152
107
168
98
150
130
103
118
146
96
162
101
156
139
108
122
148
103
166
103
136
116
90
106
127
80
141
76
146
130
99
116
138
87
143
80
145
123
95
118
146
92
161
93
137
116
88
106
130
84
140
84
157
144
115
130
161
112
176
109
155
138
114
128
157
98
164
109
141
115
90
106
133
77
139
73
153
134
104
123
150
102
173
107
145
130
105
119
144
97
157
98
137
116
91
109
135
82
140
85
138
128
589
113
139
90
144
80
165
149
124
136
166
114
180
120
162
140
117
128
157
106
175
112
160
139
114
130
153
102
173
108
149
130
101
114
138
92
154
90
138
117
88
102
125
75
139
74
141
121
97
113
133
83
144
81
574
134
546
121
146
99
240
100
158
134
106
130
157
105
180
109
153
139
110
122
145
101
163
104
146
130
105
120
154
102
165
101
150
133
98
119
142
94
153
93
146
129
104
118
145
97
163
96
151
127
102
123
144
101
160
100
153
130
106
125
148
101
160
101
150
129
106
121
144
93
153
92
153
134
110
133
157
109
165
109
133
116
92
499
240
68
117
61
153
133
107
119
368
93
154
93
162
145
110
124
150
104
162
94
147
120
93
111
136
91
149
88
149
129
103
574
149
98
161
98
133
114
93
105
127
72
123
66
142
456
443
114
141
87
144
78
153
138
108
162
150
100
164
99
162
146
117
130
154
108
175
108
141
125
96
111
131
77
137
77
153
131
101
119
145
100
157
101
157
139
114
125
161
106
170
110
146
125
96
118
673
89
156
93
153
135
107
122
157
106
165
105
141
125
93
113
138
86
134
78
162
142
545
126
154
106
170
103
152
135
106
122
146
94
154
91
150
134
106
121
144
94
157
87
133
119
89
106
126
74
597
73
160
143
113
125
149
101
158
94
160
141
113
122
155
110
172
113
166
149
117
138
164
116
180
116
138
116
81
103
124
78
139
73
156
145
115
126
152
97
164
99
152
136
106
121
144
93
157
96
148
132
105
121
144
96
152
91
160
138
114
130
154
112
175
112
154
139
109
122
147
92
162
97
149
134
102
117
145
98
157
96
136
118
98
105
132
77
125
70
145
119
96
106
131
80
132
73
144
126
100
114
138
89
147
86
162
135
107
126
153
104
170
101
145
130
101
116
136
86
149
80
154
134
102
116
149
98
158
100
148
121
91
113
137
91
161
89
164
138
113
134
156
105
173
109
162
138
118
128
152
108
175
112
157
134
110
133
156
109
174
113
157
138
110
123
178
103
174
109
145
124
97
117
148
98
164
97
160
135
106
122
152
105
168
106
141
125
101
117
145
91
153
89
157
136
109
123
149
100
168
98
152
134
104
128
152
96
168
100
154
141
117
129
156
112
168
107
130
106
82
89
108
60
109
55
165
145
114
135
164
113
172
114
145
129
102
116
142
94
149
85
162
150
117
133
161
109
175
114
162
141
111
129
151
102
172
110
164
144
116
130
157
103
165
106
149
133
102
123
149
106
167
104
728
435
34
28
21
713
891
801
149
129
101
118
146
103
158
101
140
118
91
114
136
86
152
80
149
130
98
117
139
88
153
89
128
109
84
100
117
69
124
63
152
130
101
122
151
106
165
105
161
136
106
121
154
100
169
106
149
130
101
122
148
98
157
95
145
126
93
110
139
88
151
93
137
117
93
105
137
84
149
82
137
119
92
102
122
71
118
62
136
116
89
101
131
77
126
72
148
136
104
117
145
93
156
92
144
123
96
116
139
86
142
80
151
132
106
124
152
104
164
102
145
127
98
116
148
93
158
97
149
130
103
123
152
108
174
105
153
132
100
116
141
93
160
94
153
132
103
120
148
102
592
102
151
137
106
122
149
101
165
101
170
141
117
131
162
113
176
114
152
138
105
118
144
97
157
92
149
131
104
118
145
98
153
90
129
108
79
99
119
68
123
63
151
138
579
125
149
101
163
98
144
127
103
113
140
95
152
86
157
142
111
129
154
109
168
109
146
122
97
119
139
96
153
90
154
133
105
120
150
100
169
102
154
138
105
126
154
100
160
98
156
136
115
130
152
106
160
110
157
138
102
120
146
99
170
104
157
135
110
128
157
102
167
111
153
137
101
118
149
103
166
103
142
122
96
107
143
84
146
80
141
126
99
115
138
94
156
87
160
141
109
128
151
105
167
106
149
128
96
111
140
83
143
81
144
119
96
112
139
87
138
83
156
137
105
123
149
102
164
96
155
134
103
124
146
97
162
94
147
675
134
118
144
96
161
95
140
122
101
121
136
86
146
84
142
122
103
117
142
88
152
87
141
123
96
572
131
76
137
74
148
132
102
120
150
103
167
97
159
138
110
129
158
104
171
110
144
122
90
110
132
85
145
83
145
125
101
111
137
88
141
83
159
134
105
125
154
101
169
103
149
129
106
119
145
94
151
93
153
129
99
117
144
97
171
103
154
132
104
121
141
94
160
98
166
141
116
134
158
111
179
116
152
134
99
116
148
99
156
98
155
138
103
121
560
108
157
98
154
133
108
120
150
107
172
101
146
125
100
574
139
86
143
88
147
130
96
119
149
100
161
95
149
587
260
118
136
91
141
82
158
137
105
125
153
103
170
105
150
132
101
117
144
91
154
92
151
128
105
119
147
97
166
98
138
121
96
109
136
79
141
77
158
139
106
125
151
102
167
103
133
113
85
97
122
76
121
64
146
130
101
117
140
500
165
94
144
133
101
113
132
86
138
79
138
126
90
106
123
78
125
62
141
121
90
111
136
83
139
79
154
137
107
126
148
104
166
102
136
110
85
100
126
69
117
64
149
130
94
115
669
182
162
95
146
129
101
117
143
92
153
94
161
137
107
122
153
104
173
110
168
142
114
133
162
115
178
119
157
139
117
136
157
106
175
110
145
126
98
113
133
80
132
72
131
110
84
96
119
64
109
59
164
150
121
138
169
533
181
122
141
126
101
116
144
512
148
88
162
144
111
130
167
113
184
115
144
114
85
102
136
84
145
74
173
142
112
130
156
112
181
111
140
116
89
107
130
84
142
81
140
116
94
112
138
85
134
77
151
140
106
131
151
99
160
100
146
128
104
123
144
100
162
98
148
124
94
113
134
87
628
87
148
133
102
117
139
90
149
85
157
139
105
128
157
107
173
111
140
116
86
102
128
84
141
73
152
137
108
122
146
92
157
88
134
115
86
104
128
84
712
80
138
120
94
110
133
78
134
69
143
129
102
117
137
85
143
82
142
125
96
109
136
83
143
77
146
127
98
113
142
84
146
80
142
121
98
114
138
84
137
81
142
120
95
107
132
77
134
69
157
141
354
418
148
100
157
95
153
130
102
117
146
98
167
101
149
125
95
119
148
100
164
106
139
118
93
108
134
589
141
84
137
119
86
103
128
69
118
68
139
123
101
113
142
90
703
96
155
138
106
123
151
105
171
106
128
110
85
98
109
61
106
54
164
138
107
131
164
111
181
117
142
126
97
113
135
85
138
76
155
136
107
126
157
100
175
109
138
106
80
101
125
67
133
66
153
136
102
119
147
93
160
98
160
148
118
129
160
115
181
113
168
148
117
132
158
116
171
110
158
144
113
133
163
115
180
113
140
118
93
107
137
503
680
91
154
134
110
124
160
106
172
106
144
129
100
111
134
88
149
85
165
141
112
129
159
113
171
112
156
137
104
121
148
97
162
94
145
128
101
114
139
118
616
89
162
145
110
133
155
103
171
109
155
135
106
124
149
98
162
98
169
146
118
132
162
114
179
120
153
127
104
117
143
93
158
93
163
144
118
131
162
110
178
114
154
137
109
121
150
100
168
100
150
125
93
114
146
98
162
98
148
125
98
121
148
96
150
94
161
154
122
136
166
114
178
121
137
119
96
103
123
80
131
68
140
120
86
106
133
82
146
81
153
132
101
117
149
99
165
104
148
130
102
473
472
91
157
93
150
206
672
121
144
98
158
103
136
116
90
104
128
82
144
84
153
132
107
123
146
97
159
95
148
129
98
113
146
98
160
91
152
136
108
126
142
101
164
102
151
138
106
121
146
99
162
96
148
131
96
116
141
103
166
100
150
134
111
129
154
102
168
97
156
134
111
123
148
107
165
104
152
130
102
117
145
94
149
90
153
130
105
123
151
97
162
97
139
121
95
111
128
80
132
72
98
75
58
72
90
750
609
54
141
125
583
116
138
91
144
84
168
151
121
138
168
111
186
121
156
137
106
126
145
97
157
93
149
131
99
123
147
101
170
105
160
148
115
133
156
109
176
113
766
101
73
90
116
69
125
68
154
141
106
130
149
99
157
101
155
139
108
126
149
105
165
104
146
126
97
115
138
85
147
77
154
134
106
126
146
103
162
517
145
130
100
113
142
98
156
90
157
136
105
126
152
104
172
111
146
117
90
106
130
82
143
80
155
137
109
130
154
107
173
112
150
132
106
118
136
90
146
82
148
131
101
119
146
97
160
94
147
123
101
118
146
96
158
98
161
140
112
132
158
112
176
113
155
133
107
123
146
102
161
102
154
136
105
117
149
99
157
94
146
132
98
116
145
100
158
94
149
130
104
121
149
101
156
101
138
117
89
109
130
77
132
68
137
126
101
540
232
81
142
84
152
138
106
120
151
98
169
106
693
117
90
105
121
78
127
71
156
139
107
121
153
99
167
99
148
136
106
121
144
88
144
85
154
142
110
122
161
104
172
99
133
117
95
105
128
73
548
72
139
128
96
119
132
77
130
73
139
125
93
112
138
86
150
88
147
129
93
116
137
91
151
91
150
125
104
119
139
87
147
82
144
128
95
115
142
90
147
85
141
121
91
110
133
86
152
86
140
113
90
110
123
81
141
75
148
128
99
116
139
92
150
85
147
131
107
123
155
99
165
103
140
126
96
115
134
84
138
81
149
132
101
121
146
95
157
97
128
110
83
105
122
77
137
78
151
132
109
528
144
98
162
93
150
136
101
623
147
95
158
102
151
126
102
120
148
96
161
96
146
569
104
118
188
501
164
101
149
128
98
118
150
101
162
102
153
125
105
116
146
94
152
93
167
144
113
129
160
107
176
107
147
125
96
115
136
92
157
90
154
144
113
132
158
103
170
104
147
124
97
113
140
90
151
86
156
137
109
125
157
102
164
100
147
131
108
119
152
95
156
96
155
141
106
125
150
95
157
90
166
150
114
138
164
123
185
122
152
136
103
124
157
99
157
94
134
711
86
104
125
74
130
72
142
590
94
113
136
87
144
85
123
102
76
89
107
62
118
56
149
139
100
538
148
102
162
101
146
134
98
119
148
92
160
88
146
130
131
505
135
85
133
73
154
130
103
124
151
101
162
104
164
152
288
338
163
113
171
109
144
126
94
109
138
86
141
85
162
145
116
129
163
110
173
116
140
125
90
112
130
74
124
66
160
147
117
129
158
112
173
116
175
152
125
139
169
123
189
130
138
118
90
109
123
76
133
67
154
132
109
121
149
98
165
102
162
146
109
132
162
116
183
123
165
146
526
133
161
116
178
113
147
134
106
124
146
561
165
98
145
122
98
114
134
88
150
89
167
144
114
133
162
110
175
112
165
148
116
133
622
109
177
117
142
124
98
114
139
88
152
82
156
135
108
122
154
98
160
101
148
132
104
121
144
91
148
88
150
133
101
119
145
90
152
84
144
130
98
112
137
89
152
85
120
100
77
93
111
66
112
52
156
137
114
136
162
114
177
115
133
122
96
110
130
81
136
78
146
123
94
117
144
93
156
92
144
122
96
120
575
91
149
86
151
133
100
117
141
92
151
85
165
146
114
130
158
109
173
111
151
129
103
122
146
97
158
97
138
120
96
106
132
84
149
86
162
139
116
134
155
105
170
108
156
143
116
130
157
109
172
109
152
141
103
122
147
106
171
104
150
138
113
170
142
100
153
95
158
142
113
127
151
106
170
106
147
126
102
116
148
100
162
98
154
132
102
121
145
96
157
90
137
120
96
597
133
82
131
75
151
138
108
122
147
108
162
104
149
132
100
119
148
99
616
102
139
120
90
110
140
96
157
92
176
153
130
144
166
118
190
125
154
138
110
125
153
104
174
111
147
126
96
114
136
93
148
91
134
112
89
101
124
71
131
71
143
125
96
120
144
96
157
97
153
134
102
121
151
104
155
100
134
120
98
105
131
87
144
86
153
135
112
126
153
99
160
101
146
129
97
115
142
93
528
98
147
129
98
115
138
89
160
88
163
147
117
140
161
115
176
117
137
126
93
110
136
88
159
77
153
138
101
124
144
100
154
96
142
128
94
109
581
90
149
82
131
108
90
103
126
72
133
68
124
102
78
92
116
58
108
52
120
102
75
86
112
61
117
54
151
133
107
117
148
102
164
105
144
125
95
114
133
89
146
81
156
138
103
128
157
106
170
101
149
138
97
125
147
101
164
98
121
104
74
90
109
68
118
54
149
134
101
122
154
101
163
101
155
145
117
136
157
109
170
111
149
130
98
119
602
97
158
94
162
138
116
129
150
111
173
110
154
128
105
121
152
100
164
103
157
144
114
137
160
107
173
112
129
113
85
101
121
67
118
62
161
139
110
129
154
102
164
104
138
115
81
100
122
80
142
74
154
130
105
118
140
96
155
94
156
140
109
126
150
101
163
105
141
122
90
113
137
85
153
81
133
116
91
106
126
81
132
73
157
140
107
130
151
104
178
106
141
122
634
109
129
84
143
82
160
139
107
125
151
107
165
99
149
124
104
117
150
95
160
104
156
138
110
124
153
98
168
111
139
117
94
110
128
78
129
66
147
118
89
107
132
80
142
83
120
109
79
93
108
57
100
48
138
113
84
103
132
78
138
73
148
133
105
120
146
105
164
645
153
136
107
119
151
98
165
101
157
139
111
534
149
98
163
99
139
125
93
106
132
74
129
70
163
147
117
135
160
113
175
111
161
146
121
137
164
110
174
114
155
131
107
125
154
102
170
103
160
132
102
123
150
96
158
97
151
137
107
119
145
498
150
91
148
125
101
120
139
94
154
94
149
134
107
122
151
101
165
105
172
151
125
141
166
119
187
129
135
116
91
111
130
80
136
72
144
124
94
112
134
82
144
81
149
145
109
129
154
106
568
109
137
118
93
107
128
80
132
68
154
136
106
122
156
101
164
101
159
136
113
133
154
109
177
109
142
122
93
109
137
80
138
83
151
131
98
116
136
88
146
85
137
119
90
107
137
73
129
72
148
135
107
121
142
91
146
85
148
125
103
117
144
89
154
90
141
120
91
110
141
87
147
85
157
141
104
122
148
98
161
103
144
130
102
115
145
93
152
91
129
109
80
95
112
64
122
57
136
117
91
105
125
75
129
69
156
145
102
120
148
108
167
102
138
121
93
108
131
82
140
75
160
144
114
134
158
110
173
107
144
128
94
116
146
101
167
102
148
132
98
616
136
92
152
93
154
137
102
117
145
94
157
95
158
139
112
124
157
107
174
106
154
130
98
124
151
102
162
101
149
128
95
114
142
96
154
94
148
134
99
565
144
96
160
98
144
130
103
120
139
130
535
88
137
120
90
103
121
75
132
65
152
137
104
123
150
104
170
109
152
133
105
120
149
101
164
104
136
117
96
108
126
77
145
73
148
133
100
118
597
95
154
88
145
125
103
122
142
93
152
92
155
139
108
123
489
107
160
100
141
130
98
116
146
95
160
101
148
124
93
117
144
93
157
92
145
129
91
110
136
85
146
83
126
113
80
102
125
80
138
74
152
129
101
121
147
96
160
91
141
120
96
111
129
78
136
74
163
137
114
130
156
107
173
114
137
128
101
526
143
86
146
86
158
136
103
117
149
97
161
100
133
113
91
109
130
83
136
74
161
140
110
130
154
106
179
114
149
133
98
116
141
95
166
97
157
139
128
131
146
98
157
101
144
127
94
114
137
92
146
82
157
138
107
126
146
105
166
111
149
127
101
114
136
85
142
78
151
140
108
124
147
426
160
93
158
138
103
130
151
106
167
100
146
132
100
116
145
92
151
94
157
144
109
130
151
105
172
107
143
125
100
111
131
80
133
75
146
130
98
120
149
98
163
101
138
113
89
105
134
81
147
84
149
137
111
129
149
100
160
96
160
136
109
132
155
105
173
110
157
141
111
123
148
102
166
104
144
129
101
118
149
99
157
94
140
122
97
107
126
80
136
74
160
142
107
125
157
102
169
107
149
129
97
117
140
94
158
87
152
132
108
128
599
107
170
105
146
125
97
116
133
80
130
71
160
142
115
128
154
108
163
98
133
111
85
96
126
78
141
77
153
138
107
122
141
95
150
91
128
107
81
98
115
67
116
61
137
118
88
110
125
77
139
81
144
130
98
121
145
97
570
502
155
136
114
518
149
101
167
102
162
146
114
135
161
112
177
121
128
106
73
92
109
69
123
60
144
126
99
110
141
90
153
84
138
136
102
120
654
106
150
90
132
109
82
98
114
72
121
64
150
133
102
485
145
98
160
91
150
132
104
122
160
101
167
102
149
129
101
117
146
91
157
93
157
142
114
129
160
112
178
116
155
144
107
125
155
107
173
118
149
133
109
125
149
96
157
96
153
126
107
586
149
98
165
98
142
122
695
106
130
80
138
77
142
133
99
118
134
85
141
81
151
129
101
121
144
97
161
95
161
141
114
132
163
515
175
115
123
104
72
86
106
61
115
52
149
132
98
116
145
94
162
549
142
129
99
617
136
88
148
84
142
126
594
114
139
84
138
80
141
125
93
109
142
91
158
91
138
123
93
101
129
84
144
78
145
125
97
570
138
88
149
86
121
100
70
89
107
58
114
56
139
116
89
106
128
78
136
74
157
139
108
126
154
101
171
110
154
128
103
118
142
90
149
89
161
141
114
130
162
468
201
115
162
138
111
525
150
104
161
105
155
132
107
125
155
102
172
105
146
122
100
123
559
96
158
96
167
150
123
141
163
117
180
115
133
111
84
99
113
61
108
53
152
132
109
122
144
93
157
93
89
62
44
57
75
42
932
44
157
138
107
121
150
103
170
104
153
136
109
130
157
110
172
106
163
154
119
132
162
109
176
112
145
130
99
117
141
93
154
93
153
131
109
126
148
101
156
101
139
114
91
106
121
73
136
71
160
149
118
132
157
110
177
113
162
136
113
127
156
108
173
106
145
125
101
116
141
89
150
85
148
132
105
116
139
88
148
80
155
133
104
119
146
95
162
99
147
130
101
118
146
93
148
85
169
152
119
139
163
118
189
124
164
152
122
141
170
121
189
128
173
154
126
145
174
127
197
134
129
110
77
84
107
61
119
53
149
133
104
119
153
105
164
94
162
148
118
133
166
116
185
121
150
133
111
122
153
103
171
104
154
137
106
122
150
101
161
98
152
132
100
585
147
92
160
106
155
133
105
122
151
104
164
102
128
112
82
99
117
665
129
66
130
113
94
106
119
69
122
492
165
151
118
134
165
121
186
129
139
125
93
108
127
75
133
69
137
121
91
113
134
82
136
77
143
124
98
113
139
86
536
87
162
149
118
138
166
166
615
130
162
147
116
133
163
118
184
122
124
109
82
99
114
59
115
51
160
141
108
125
153
109
166
106
150
133
106
121
154
107
166
106
136
117
86
100
114
66
113
52
146
134
99
542
141
93
155
88
144
122
91
107
133
90
152
84
161
140
110
130
156
104
167
105
162
141
114
129
157
103
171
109
129
108
81
93
105
61
114
52
136
130
93
110
128
85
149
83
157
140
111
128
154
107
169
107
164
148
119
134
169
121
182
123
145
133
104
548
140
100
155
100
146
134
102
115
138
90
151
88
153
138
109
121
749
103
171
107
133
340
288
96
119
66
114
50
138
119
91
106
132
77
141
76
146
130
96
111
142
89
160
91
154
144
112
128
156
103
173
109
144
130
97
114
138
85
146
86
135
106
82
100
122
76
139
69
143
119
89
110
130
82
141
77
123
98
80
89
104
53
102
42
147
130
104
118
148
101
155
100
157
140
117
130
153
106
167
107
152
134
102
114
146
96
163
96
155
139
108
125
147
94
146
89
147
132
105
119
145
100
166
104
161
142
114
130
155
100
164
101
156
140
111
127
155
108
169
104
136
108
85
97
114
66
110
54
133
105
80
96
109
57
98
45
149
138
109
119
142
91
146
91
145
133
512
114
139
90
151
90
156
135
105
118
165
107
171
107
155
132
106
119
142
91
150
93
136
114
90
105
579
84
127
69
138
574
437
111
133
85
145
85
148
127
97
115
136
86
137
77
150
133
98
117
147
95
158
91
146
125
93
112
140
93
154
92
150
129
101
119
146
96
158
89
160
139
106
128
154
107
173
108
134
109
86
103
125
75
130
67
146
133
105
122
151
102
158
101
162
680
121
132
170
117
184
120
158
141
109
125
150
107
173
112
164
146
117
134
160
114
179
120
137
122
93
109
140
99
162
98
137
111
93
110
131
77
140
74
145
125
93
109
132
81
139
75
124
105
75
94
113
71
131
65
160
141
113
126
151
105
165
106
152
556
187
130
153
109
174
108
160
136
107
125
154
104
166
111
150
125
100
117
141
90
149
84
153
187
107
120
148
477
162
104
167
146
122
138
169
114
182
126
146
125
96
112
145
91
154
90
149
133
103
123
150
101
166
98
169
152
126
138
169
122
177
116
142
123
93
116
144
89
155
96
144
129
104
119
136
84
143
80
147
121
98
118
135
93
152
90
157
139
111
130
155
102
172
108
152
129
98
119
148
94
164
99
136
112
87
100
124
68
128
64
152
227
106
118
143
90
156
96
157
136
112
125
150
103
165
97
155
135
113
126
150
105
161
101
203
125
635
557
135
84
144
84
154
130
102
125
149
101
168
106
158
138
110
131
159
114
176
111
152
130
101
118
141
100
161
98
144
122
102
117
138
91
153
91
158
146
118
136
160
115
175
114
148
132
107
119
142
94
148
92
170
144
115
136
161
110
172
110
153
136
109
122
146
99
155
94
167
149
122
132
160
112
182
110
152
137
604
122
146
89
153
96
148
133
105
123
145
98
153
93
146
128
98
485
137
87
146
84
134
118
93
102
123
74
129
69
138
114
84
103
122
77
132
72
146
126
96
110
134
83
142
77
128
691
78
89
108
61
119
59
104
84
61
77
97
496
748
67
154
136
107
122
150
99
163
105
146
130
98
117
142
94
154
93
150
130
102
119
145
100
162
97
145
128
96
117
133
471
144
83
149
127
102
118
141
93
157
92
137
116
94
109
133
78
144
75
146
119
98
114
144
95
149
86
152
137
111
127
618
98
160
96
151
133
104
123
142
99
156
96
135
115
85
104
125
74
133
68
154
136
105
129
154
108
171
110
154
132
101
117
139
97
157
94
149
134
100
116
141
90
394
300
802
110
85
100
123
80
138
83
562
202
569
165
120
78
136
84
143
130
97
114
137
89
146
81
173
156
127
145
175
117
186
125
118
100
72
608
107
64
280
405
141
117
91
110
132
83
136
82
126
104
71
89
108
60
113
52
120
96
75
91
152
64
744
55
146
123
97
113
133
88
146
80
155
130
107
126
155
101
166
105
146
129
101
114
142
93
158
625
167
143
117
129
161
113
175
120
151
133
101
121
145
97
162
97
145
122
96
153
634
86
147
91
150
133
104
121
151
288
516
96
163
139
526
128
146
103
165
105
138
128
102
115
137
532
144
86
138
127
97
115
148
649
162
108
157
137
110
558
281
103
157
104
157
139
106
123
160
109
170
108
163
146
119
134
164
116
174
115
148
130
106
120
150
98
161
109
170
150
128
142
177
127
190
130
156
138
110
125
148
101
165
103
135
114
85
101
128
565
132
74
133
117
91
113
131
81
146
83
153
136
108
129
658
106
168
107
154
136
102
122
147
100
163
91
133
116
82
109
130
82
141
75
158
140
108
123
150
100
162
102
161
147
105
130
155
107
176
116
125
111
81
97
116
66
118
61
154
136
186
629
154
101
161
106
148
123
97
118
145
96
162
100
146
130
102
117
141
90
560
97
151
130
103
112
144
97
152
95
149
132
101
115
145
90
156
94
154
132
104
122
150
98
162
96
151
139
106
125
148
102
159
94
157
137
548
126
146
104
165
109
161
142
111
130
154
104
165
108
148
132
102
118
138
91
148
84
160
142
114
130
152
102
162
100
146
126
557
119
136
90
149
88
133
115
91
105
666
78
142
73
115
92
76
825
107
70
127
70
152
134
109
524
152
104
162
101
160
142
111
130
156
109
158
99
137
115
91
107
122
73
122
61
156
145
114
133
185
128
173
113
154
142
105
125
152
105
163
100
146
122
93
119
142
97
160
92
138
118
92
534
126
80
130
72
139
125
517
113
137
89
150
83
147
132
105
553
146
93
149
86
156
136
104
122
149
100
161
101
135
122
700
105
129
82
146
80
155
134
100
117
150
98
165
101
162
148
114
130
166
115
182
123
149
134
108
123
151
98
163
97
155
143
110
128
154
106
165
101
160
148
115
133
157
114
181
117
146
125
100
119
140
93
149
81
158
133
103
120
149
103
166
105
123
102
74
90
120
72
118
57
145
120
93
109
138
603
146
88
149
132
97
119
144
98
154
90
132
109
85
102
766
84
150
84
158
139
102
124
151
104
169
108
146
125
90
107
136
87
149
80
129
116
88
100
651
66
125
62
141
129
99
564
137
94
150
87
141
120
98
115
138
88
148
85
147
128
100
119
142
98
164
96
157
147
114
128
149
99
155
94
160
140
110
132
155
112
173
111
146
133
108
117
151
550
162
102
152
540
530
123
149
98
177
99
130
118
85
98
117
64
115
51
138
125
94
113
138
507
154
93
133
113
85
98
120
74
125
65
142
116
90
108
136
89
156
86
157
139
106
123
148
101
165
102
131
109
84
103
125
73
130
66
141
130
97
114
144
96
157
96
153
127
101
118
143
98
157
100
149
132
101
119
150
99
654
100
161
140
112
130
156
106
172
112
144
130
102
115
133
80
136
70
149
133
569
120
145
98
157
100
152
136
104
120
149
479
168
105
137
120
91
106
125
73
117
64
132
114
89
101
126
68
123
60
170
155
125
144
165
121
183
123
152
138
108
120
142
93
148
88
151
125
101
118
140
93
149
84
165
144
113
129
149
94
160
101
160
138
109
126
154
102
170
103
152
132
100
123
150
96
162
103
149
137
104
118
587
99
155
94
128
109
87
104
125
79
138
485
146
133
104
117
141
90
144
91
173
158
124
140
165
120
190
123
149
135
104
117
149
101
163
522
141
125
97
524
131
81
141
80
154
140
109
122
151
95
161
100
139
125
90
110
605
88
152
90
126
107
80
94
116
639
123
66
140
121
88
111
130
84
140
78
150
129
103
122
631
101
164
98
153
138
111
120
151
104
167
102
135
111
87
102
132
597
136
71
157
131
104
121
141
99
157
98
150
130
97
118
613
94
161
97
147
127
101
113
136
90
140
78
128
100
74
93
116
68
110
57
153
142
105
126
146
98
164
98
157
138
108
129
155
104
170
111
154
141
107
121
144
92
156
91
151
132
101
125
155
100
166
105
146
676
99
114
147
97
158
94
126
104
78
613
124
74
133
74
139
115
90
105
123
165
132
66
133
113
84
104
128
81
141
76
152
137
103
126
149
97
165
101
153
133
107
125
154
107
170
106
136
113
86
104
129
80
146
84
150
136
306
517
155
102
166
107
158
136
109
128
153
104
168
105
146
132
98
117
142
89
144
85
128
109
646
98
118
70
126
69
149
139
174
634
149
98
173
100
157
137
109
122
143
96
164
96
156
144
111
130
156
105
166
103
148
129
106
124
150
533
163
101
126
104
80
93
111
58
105
45
137
110
83
97
116
64
121
57
137
133
520
114
133
86
140
81
152
133
592
123
157
105
177
111
154
140
109
129
161
106
168
105
153
136
101
119
152
101
163
97
149
132
105
121
145
92
149
90
162
144
117
133
160
107
181
108
138
120
90
107
131
82
541
394
138
585
102
701
129
557
141
83
162
144
117
130
157
106
170
104
151
138
101
122
150
94
160
100
160
145
118
131
158
109
177
115
135
116
85
106
766
82
143
81
141
119
90
116
137
84
145
78
158
150
119
132
161
101
160
100
166
149
115
133
155
114
175
118
141
125
96
112
143
86
565
518
139
124
96
113
420
444
145
84
160
142
114
133
157
109
174
116
157
134
104
119
150
94
158
100
144
136
594
120
151
96
160
100
149
136
110
126
386
253
162
104
149
129
102
122
142
89
154
87
151
128
102
120
150
103
163
104
154
144
109
125
153
104
176
105
130
109
90
102
619
82
304
85
133
114
82
101
127
82
773
365
143
129
98
114
577
93
157
92
137
117
84
98
125
84
139
72
161
141
110
125
157
109
168
104
132
117
87
104
223
377
125
65
160
139
110
124
154
112
177
117
148
130
705
118
143
95
158
94
154
138
112
127
156
106
165
109
161
141
113
130
153
98
564
116
142
588
101
119
148
96
160
98
154
134
100
119
145
101
160
98
142
119
93
114
132
84
137
80
160
135
105
119
155
104
170
108
148
128
107
121
139
90
150
85
155
134
111
125
150
93
156
98
145
135
107
568
145
99
162
100
151
134
104
121
149
99
161
98
154
137
104
119
150
104
166
103
141
126
98
117
650
87
143
83
137
114
90
106
131
82
141
78
149
126
97
114
137
87
142
84
676
113
85
101
126
532
138
81
170
154
125
139
170
121
190
129
154
131
106
117
144
100
160
98
148
132
104
122
148
100
163
101
142
122
90
109
132
570
151
92
146
129
610
107
130
86
148
80
123
98
75
90
108
60
109
50
171
144
121
137
168
118
178
117
133
111
84
100
123
85
804
82
152
136
109
128
150
108
173
109
149
600
98
116
138
90
161
96
145
129
102
116
158
461
149
88
154
142
107
123
175
104
165
100
153
138
107
125
156
107
170
105
141
122
98
117
143
97
587
433
151
132
100
121
150
101
167
97
146
133
98
122
149
525
157
94
130
109
84
100
726
234
130
70
145
130
96
112
142
97
617
93
154
133
101
126
154
107
171
108
146
122
89
107
137
502
236
77
135
116
88
104
129
76
136
74
165
144
117
133
160
106
173
110
151
133
104
120
144
100
161
95
134
107
82
98
117
74
134
68
151
136
104
123
149
101
161
98
138
117
94
113
133
74
132
69
136
116
84
106
133
85
146
89
137
124
97
108
133
479
134
69
149
130
99
124
148
104
168
106
149
135
477
222
147
99
162
97
148
128
102
523
145
93
153
89
164
145
117
138
162
114
178
117
145
124
100
115
143
91
157
91
162
148
121
134
162
104
173
105
167
147
115
129
159
112
173
116
151
130
100
119
148
94
158
93
146
135
103
114
144
93
151
85
150
133
177
117
138
88
142
80
144
123
93
113
132
81
141
80
161
234
108
131
154
109
173
114
157
138
113
129
153
108
172
105
149
128
97
118
140
88
151
88
152
134
114
125
150
96
157
92
147
124
102
111
136
89
141
80
149
131
105
122
144
94
152
92
154
134
96
120
149
100
164
104
136
118
87
104
124
74
124
63
154
132
105
124
149
98
163
103
166
147
120
136
650
116
185
121
150
136
104
120
142
89
149
85
147
123
96
115
137
99
158
90
168
143
115
135
158
116
181
121
150
141
113
129
146
102
156
93
144
119
93
114
135
91
154
88
142
123
99
114
645
89
154
91
132
535
226
100
117
59
98
50
134
121
96
110
126
85
138
78
156
141
113
130
160
117
176
118
147
126
98
559
145
93
160
101
126
109
80
93
106
64
113
50
145
120
91
113
137
87
146
85
136
119
90
111
132
83
142
565
165
145
115
132
166
119
187
126
158
142
113
133
161
109
168
110
125
107
75
93
116
68
133
66
134
114
90
101
132
81
138
78
136
124
93
113
138
89
154
635
152
136
105
569
153
104
164
104
160
140
112
504
154
108
174
113
160
140
105
125
154
105
170
109
151
132
105
121
148
100
163
98
154
137
102
123
156
487
170
113
156
134
250
414
155
102
171
110
139
125
93
111
131
502
134
75
149
134
105
124
148
98
160
101
147
136
105
571
317
103
164
102
149
135
106
119
149
100
159
95
133
115
83
106
133
76
146
76
136
120
92
112
134
80
139
78
142
129
100
117
138
85
141
82
151
133
102
123
148
98
165
108
154
143
114
128
154
105
170
105
147
133
104
122
145
97
155
91
133
117
94
642
133
85
145
84
138
122
633
109
134
85
143
78
145
122
98
106
135
84
133
74
149
137
104
125
747
101
173
109
146
129
105
120
637
93
161
93
150
134
108
123
149
102
155
96
153
137
666
122
154
106
171
109
162
138
109
131
155
108
175
109
147
641
318
115
139
88
151
85
166
154
123
137
165
118
186
126
144
128
99
457
234
91
151
91
137
477
598
108
126
80
137
79
144
129
99
111
138
86
144
82
150
132
104
122
145
99
154
87
180
161
128
146
178
127
200
139
165
148
117
133
162
108
173
113
138
123
90
110
134
81
139
72
145
130
97
117
196
514
157
94
125
109
82
96
113
65
113
52
137
123
98
105
118
69
106
52
150
130
103
118
140
90
140
80
151
132
101
119
146
98
162
97
620
119
90
114
134
82
137
80
139
119
93
109
134
85
709
84
141
124
531
113
134
80
141
78
148
136
107
116
144
90
151
86
157
142
114
130
150
103
161
97
152
130
103
118
140
86
146
85
146
130
96
107
148
97
161
98
138
122
90
110
705
89
152
85
604
270
685
100
128
82
142
80
148
125
98
113
135
81
137
76
143
131
101
502
137
84
138
74
168
146
116
131
162
112
178
116
151
131
102
121
145
101
158
98
139
119
89
109
132
557
138
78
154
142
102
125
153
103
173
110
162
138
116
134
157
115
185
114
149
131
97
118
142
98
161
96
160
141
114
133
154
110
172
108
131
108
82
102
122
77
142
714
146
125
98
117
134
82
146
85
154
136
107
126
148
101
164
99
142
123
94
109
130
73
130
66
128
105
83
96
114
66
597
58
160
144
122
134
164
114
180
113
145
130
100
117
148
92
551
102
163
142
109
128
165
113
181
115
149
134
102
121
146
93
158
90
157
141
117
130
158
104
166
103
144
128
96
113
141
94
159
96
133
116
83
104
122
72
121
62
148
131
104
123
153
104
166
554
160
138
110
134
155
109
176
109
146
121
100
113
133
82
137
80
154
139
109
125
560
101
167
104
166
147
116
137
166
115
189
121
146
127
96
582
142
93
159
96
160
138
109
124
155
106
170
106
142
122
98
114
131
82
139
75
149
127
101
117
141
94
152
98
155
136
106
123
149
101
162
102
158
138
108
125
157
108
171
108
152
129
104
122
142
96
162
93
168
157
123
141
165
114
175
112
143
125
96
114
141
90
146
86
146
125
100
119
144
93
150
88
155
134
105
121
156
108
169
108
161
144
110
129
152
106
162
103
153
134
105
125
152
100
168
100
150
130
101
117
143
85
151
86
145
125
98
114
133
86
144
83
148
130
104
117
145
98
157
94
150
129
98
119
139
91
149
91
152
134
104
131
155
106
176
109
160
134
108
124
151
102
160
102
133
108
85
98
120
68
119
66
160
146
118
138
158
108
170
114
144
121
97
115
139
87
149
89
153
130
101
119
144
96
160
96
159
143
110
133
159
112
174
112
150
134
105
433
265
93
162
98
144
125
94
114
137
90
145
79
142
127
624
495
138
90
154
88
150
136
105
120
144
95
160
87
134
118
86
104
125
78
131
69
164
148
122
140
168
118
182
121
122
709
94
82
104
59
106
51
136
121
87
105
699
78
132
74
162
147
119
135
162
114
178
117
154
137
106
125
152
99
165
99
134
109
77
95
119
71
133
74
157
138
109
129
158
99
165
100
141
126
98
114
133
117
697
87
148
130
102
118
148
495
160
96
157
137
112
130
160
112
176
115
139
123
86
158
117
72
127
68
131
115
91
523
122
70
120
63
151
134
100
510
145
97
155
96
133
117
91
107
717
82
136
77
166
146
112
129
154
100
170
109
140
120
91
106
128
84
137
73
167
150
115
136
162
116
182
117
155
137
102
545
148
102
163
99
146
130
101
118
153
613
474
104
138
125
523
108
139
89
152
89
164
146
116
138
161
109
171
111
144
127
94
115
140
93
153
88
141
124
99
117
134
86
138
80
143
127
93
109
132
578
145
81
146
129
101
115
148
91
153
91
132
114
89
100
116
59
115
54
160
141
112
136
163
114
181
119
144
122
97
114
139
94
158
93
164
148
118
133
161
114
181
114
137
116
90
102
121
74
125
68
157
145
115
130
154
104
165
109
142
122
98
114
634
89
150
84
144
130
98
117
138
90
150
86
147
134
545
119
142
95
154
90
149
134
105
121
652
100
169
106
160
146
111
132
156
117
180
113
154
136
106
536
149
101
166
106
160
138
107
129
152
107
170
108
155
137
109
125
156
103
173
109
165
154
122
140
165
117
180
119
146
130
101
188
603
93
154
95
162
146
116
132
158
108
172
106
157
138
110
126
153
98
164
101
150
140
105
601
146
102
169
105
148
132
96
118
146
94
152
93
146
127
97
117
145
92
163
101
139
121
97
113
428
594
147
86
141
128
582
173
132
81
139
80
139
658
88
109
129
79
138
73
153
133
105
125
155
103
165
105
152
135
109
125
151
104
166
102
146
123
101
114
145
93
610
93
149
134
107
124
581
270
166
109
145
132
96
115
136
87
153
87
144
125
100
121
146
94
161
100
144
126
96
116
141
92
157
93
146
128
100
115
142
88
146
86
145
126
96
589
133
82
136
74
654
109
86
100
131
84
526
647
144
126
94
114
136
514
148
87
141
123
581
112
135
87
148
87
157
141
112
130
152
111
175
112
136
118
90
105
125
69
116
61
154
133
104
122
150
98
164
98
152
132
104
121
140
95
152
88
141
123
97
117
140
261
736
97
154
138
105
130
150
97
158
103
160
144
110
128
152
101
162
108
137
123
96
108
136
87
150
90
145
123
99
114
145
91
156
653
155
135
106
130
152
105
169
107
149
134
105
123
148
97
159
100
148
130
101
119
621
94
161
92
158
136
101
127
544
425
170
107
157
142
109
127
152
102
166
546
148
131
97
117
663
90
153
85
152
128
104
122
146
101
160
96
148
131
100
118
145
99
160
93
138
118
92
112
136
82
136
74
158
136
106
125
148
102
161
103
129
109
78
96
125
77
134
70
148
134
105
116
144
90
149
84
149
128
100
122
147
96
156
93
147
128
101
116
139
89
157
87
149
133
106
119
146
555
160
105
157
146
112
208
525
108
171
110
165
146
116
134
163
110
181
117
158
138
109
128
152
497
172
109
154
133
104
124
145
96
160
94
144
576
95
421
300
84
150
85
157
133
102
120
151
100
169
106
149
136
102
119
145
96
160
91
146
128
96
122
148
98
158
584
138
123
96
622
396
90
234
87
114
94
821
88
111
66
122
71
132
116
88
105
123
74
132
68
146
125
98
119
139
90
149
85
154
138
109
124
156
108
173
109
149
129
99
318
644
100
161
100
130
110
81
536
119
68
123
61
137
122
91
108
132
81
557
70
153
134
104
126
150
105
165
108
132
109
87
105
693
72
123
69
152
136
110
510
148
108
165
106
123
111
78
264
713
69
118
56
154
132
104
119
146
100
165
96
171
152
125
139
172
124
185
126
142
126
99
117
143
88
149
84
160
141
109
125
158
104
164
98
151
131
96
116
715
94
157
90
147
134
107
126
604
104
165
104
153
137
104
545
148
103
162
108
151
131
99
119
145
94
162
92
141
123
99
606
145
93
157
93
155
141
106
129
158
107
168
105
145
123
94
114
660
91
153
91
149
133
108
123
149
495
160
101
139
117
90
108
133
85
144
79
157
135
105
123
152
102
174
105
150
126
99
115
140
95
149
86
148
125
104
116
138
86
147
84
137
119
86
104
126
74
138
69
149
133
103
117
674
97
168
100
154
141
108
128
156
100
164
103
151
132
103
121
151
102
166
103
149
725
102
118
145
97
160
102
162
141
116
133
160
135
169
113
152
139
107
126
152
304
501
110
61
29
36
36
29
884
51
22
153
135
102
121
150
101
165
105
146
131
100
121
146
98
162
98
144
124
96
113
134
90
154
89
150
134
102
118
146
97
157
92
149
128
513
458
144
97
156
98
148
135
101
116
145
100
171
610
148
135
109
126
141
90
141
83
161
142
114
132
150
102
161
105
161
142
107
127
160
106
170
108
153
133
107
122
153
104
167
104
129
110
82
104
126
85
587
82
146
132
98
117
144
91
149
90
148
129
523
114
139
90
148
84
146
129
98
115
134
101
483
90
143
121
96
107
135
85
143
80
158
136
104
126
153
103
166
106
152
130
104
549
144
98
170
104
165
142
113
130
154
111
169
107
141
122
92
112
590
84
144
84
151
133
105
518
149
99
162
100
154
139
108
124
149
101
168
102
148
137
109
128
153
107
179
109
164
144
112
132
153
108
165
106
142
129
98
111
141
94
605
88
148
138
105
124
151
96
162
97
137
118
87
104
121
74
133
66
158
141
110
125
151
103
165
105
158
138
103
129
152
104
168
106
160
141
112
130
155
98
161
102
155
141
105
128
153
107
170
106
165
145
114
132
165
106
173
113
165
145
114
135
160
112
175
118
136
118
93
110
133
596
148
85
142
125
554
113
140
86
145
79
148
131
103
118
139
97
157
99
148
126
610
117
140
95
154
91
150
132
102
122
146
616
157
101
141
128
95
115
141
94
613
90
142
669
97
108
128
85
142
85
144
123
92
111
140
90
160
93
157
141
107
126
149
100
165
102
165
145
116
134
161
111
176
114
135
114
85
98
120
74
120
65
146
129
99
116
146
91
153
93
154
141
107
123
157
105
166
105
154
138
110
121
146
99
162
100
154
141
108
128
430
239
165
107
134
114
85
109
746
81
142
81
148
126
98
115
141
92
157
598
144
125
98
114
145
91
155
93
161
138
109
130
155
113
166
110
142
129
100
114
141
84
144
86
141
120
96
104
132
78
129
69
137
120
92
114
136
84
141
80
157
134
101
122
149
97
160
102
145
132
103
122
150
98
166
572
152
129
98
117
140
91
154
404
158
136
101
123
147
101
165
104
152
126
99
115
140
88
149
88
149
138
104
119
148
106
167
101
149
137
109
128
156
100
162
104
144
125
100
116
141
596
150
91
168
148
114
135
172
118
182
121
148
129
98
119
146
87
148
84
134
123
97
599
139
92
153
91
154
141
110
129
149
97
154
93
136
117
91
108
721
84
146
82
148
133
101
122
144
95
150
88
149
130
581
122
150
98
154
96
154
132
109
123
149
101
164
100
152
135
106
123
145
101
164
98
132
122
677
100
129
77
138
72
151
136
110
128
148
108
166
102
138
119
93
107
133
83
142
80
150
126
106
117
141
93
150
88
161
605
110
135
149
109
174
112
149
127
97
116
142
85
146
88
154
133
104
120
141
89
147
88
168
148
117
133
163
113
181
116
145
128
100
116
145
92
147
89
159
145
109
130
161
109
180
113
151
132
104
120
150
98
161
101
143
125
93
116
133
84
142
77
141
126
93
114
633
84
147
82
160
138
109
125
149
100
158
99
153
132
98
120
146
99
162
101
155
138
108
124
158
106
172
111
148
131
97
111
138
92
158
89
145
123
98
117
138
83
141
87
151
132
105
124
150
107
531
102
149
133
108
122
153
100
165
101
150
128
96
116
144
97
156
91
166
146
121
133
160
113
177
112
126
110
80
98
117
69
123
60
145
128
95
117
140
91
160
89
150
132
103
121
139
89
146
85
161
141
114
133
154
111
172
116
150
137
110
125
149
97
156
97
143
123
92
113
138
92
153
90
145
133
104
118
137
88
141
82
154
138
113
122
150
99
162
96
148
132
101
125
146
103
170
106
137
120
90
107
123
69
129
68
153
133
103
118
149
96
156
91
160
141
112
135
154
105
173
109
156
233
411
129
154
106
167
105
142
134
98
200
144
93
151
82
148
123
98
108
132
82
133
77
162
142
112
132
154
104
163
104
149
129
106
122
148
520
165
101
145
125
92
117
138
90
150
83
140
120
90
109
131
78
134
74
149
138
107
123
147
97
163
102
145
126
94
112
142
88
151
87
136
114
85
101
118
72
125
61
149
132
106
118
145
93
149
88
141
119
88
108
134
85
146
90
138
118
97
113
142
94
155
92
154
133
104
116
151
100
162
96
140
126
93
110
566
85
147
85
151
130
103
122
149
102
166
101
138
116
80
98
125
76
133
69
157
136
108
129
147
99
161
96
146
131
102
122
631
99
164
97
141
122
92
112
132
82
134
74
154
139
108
130
155
106
169
106
132
113
550
102
126
78
141
72
151
172
486
119
145
97
160
93
158
137
538
124
151
104
165
104
144
124
94
117
141
96
161
98
154
140
580
125
149
101
165
105
122
97
73
85
106
557
106
45
148
130
101
114
139
92
154
89
165
151
120
136
165
111
172
110
149
125
102
115
143
96
150
87
163
141
110
132
156
111
176
107
142
130
100
120
142
93
153
91
160
144
111
130
157
109
168
106
164
149
118
131
159
108
170
104
157
550
268
126
153
104
166
104
144
130
99
113
139
95
148
90
149
128
101
118
146
89
150
87
145
597
96
113
140
92
151
89
164
141
117
134
160
106
182
115
132
691
81
104
120
75
136
77
138
119
96
110
135
80
138
76
150
132
106
117
151
97
603
98
94
89
716
70
85
42
92
41
148
128
98
120
148
429
238
99
153
140
107
129
154
102
170
109
145
130
96
113
136
84
144
78
148
133
101
122
575
99
165
98
121
793
77
93
119
74
133
71
138
121
92
114
133
78
139
81
157
133
107
126
146
96
164
100
160
149
113
129
156
105
168
102
157
134
112
128
148
102
166
102
141
129
100
568
134
84
146
80
154
132
104
121
152
99
163
98
157
132
105
122
147
104
166
105
158
144
117
134
161
105
173
114
150
130
99
118
142
100
166
98
144
121
96
110
142
94
168
590
146
129
97
115
136
87
577
77
149
129
95
118
147
97
165
99
146
136
105
114
149
540
157
94
145
120
90
111
130
87
146
86
139
124
98
112
133
78
133
65
155
136
103
123
148
101
161
100
464
130
95
106
133
149
687
87
162
139
113
129
155
106
171
109
155
141
108
123
154
105
168
102
738
118
90
102
130
85
149
81
158
144
109
125
160
109
440
203
157
141
114
131
154
108
174
106
130
110
84
105
221
554
134
65
157
135
103
123
147
97
157
92
157
136
109
126
149
106
163
102
154
138
110
130
153
97
169
102
135
119
92
110
647
87
144
80
148
131
98
118
145
523
154
96
138
122
89
110
132
85
151
84
155
136
506
377
147
98
165
192
134
116
90
107
119
75
122
60
144
129
100
486
147
84
151
86
140
125
97
702
141
91
152
94
156
137
102
210
570
101
163
101
147
130
106
121
142
90
149
90
148
136
101
118
138
490
155
90
137
123
94
116
134
532
141
86
155
141
107
125
149
102
156
90
139
118
90
110
138
485
571
525
149
137
102
123
150
100
166
105
156
133
114
131
157
112
177
113
155
144
107
128
152
106
165
104
144
125
89
111
142
88
157
89
158
140
110
130
154
109
172
111
580
443
99
113
136
89
152
91
163
141
110
129
158
108
176
116
132
112
85
101
120
75
129
69
158
134
106
121
151
102
158
96
145
130
100
516
140
96
154
92
155
134
104
128
152
102
164
107
160
139
114
126
149
106
168
107
157
134
111
125
152
99
165
103
151
136
102
119
141
101
162
97
141
124
93
108
136
89
154
85
136
119
92
106
130
81
145
77
161
185
117
128
158
104
167
101
145
130
102
125
145
93
172
557
142
122
584
110
136
79
138
78
149
130
102
118
570
98
160
101
156
141
106
130
154
106
165
104
154
135
102
125
146
95
155
100
158
141
571
131
152
103
166
106
139
123
92
108
142
606
148
91
146
129
102
118
140
87
150
88
138
120
87
100
121
76
137
65
160
135
107
124
151
101
168
105
138
129
93
114
717
130
160
98
161
148
115
131
162
110
175
114
139
125
100
113
672
91
153
93
151
132
99
552
149
102
168
101
138
121
93
111
637
87
142
80
164
148
117
136
160
110
182
105
157
142
114
130
161
490
174
118
160
260
369
123
150
101
164
101
144
125
90
115
146
94
151
94
145
129
97
118
148
93
163
93
134
113
86
101
134
90
728
83
152
137
105
289
482
95
162
98
142
128
98
117
144
97
158
96
168
150
125
138
162
118
184
122
157
139
110
124
151
101
170
105
151
132
101
118
144
97
162
98
139
116
90
111
132
81
138
75
631
134
102
121
145
98
154
98
150
128
106
120
149
440
418
97
139
125
101
116
141
595
157
96
134
109
84
101
126
76
133
71
118
105
729
95
114
68
129
67
155
139
108
128
151
96
162
100
160
137
110
129
149
100
169
106
142
129
104
117
140
92
152
92
164
140
112
129
161
109
172
106
152
134
104
124
152
97
160
97
136
118
85
107
132
85
714
85
154
129
107
490
145
100
160
99
141
462
597
113
136
85
140
80
149
138
112
128
155
106
174
103
141
120
93
107
590
85
144
79
144
125
102
121
145
97
157
97
131
118
709
373
133
84
148
90
154
129
106
122
149
100
160
95
148
136
112
123
152
97
165
101
152
129
100
117
147
90
154
90
154
137
109
119
194
510
162
106
138
122
162
485
132
74
126
72
149
122
101
115
139
92
149
93
157
129
104
123
147
100
165
104
151
136
107
484
145
102
168
99
155
134
105
122
147
99
166
102
153
134
111
122
146
563
167
101
157
138
107
123
148
102
162
99
136
119
85
100
623
79
143
80
155
136
106
124
150
102
167
101
153
136
104
125
146
98
154
91
153
138
114
468
294
103
168
108
155
137
101
127
152
97
160
95
161
141
112
133
161
109
173
114
149
136
111
124
154
101
161
100
165
149
123
137
167
116
182
115
146
126
547
113
138
90
146
84
140
116
94
106
133
90
661
82
134
117
85
103
718
72
128
66
142
117
98
117
144
95
152
92
140
126
93
110
134
84
143
85
144
128
104
121
146
91
160
91
147
125
95
112
132
93
142
84
157
138
112
129
154
111
174
108
151
130
104
122
149
96
157
99
137
665
91
106
132
81
136
81
146
128
100
115
142
92
154
94
146
132
102
119
141
91
153
90
154
136
108
116
144
292
357
84
161
137
108
131
154
108
167
105
154
136
111
125
155
112
170
106
53
21
33
31
24
15
1056
24
158
139
108
504
155
105
177
110
157
141
109
130
150
105
162
101
155
138
111
125
154
105
170
105
154
134
110
125
146
104
169
102
145
128
101
118
140
89
145
89
154
137
102
126
149
101
169
103
149
130
104
121
148
93
151
96
150
130
108
122
148
102
169
104
144
133
98
119
660
94
153
96
134
118
90
107
129
508
144
80
146
132
461
119
137
82
137
78
150
132
105
116
148
101
161
425
157
139
109
126
151
101
165
103
157
130
104
125
154
105
171
106
155
137
109
124
148
102
164
98
133
123
552
547
132
83
145
85
130
116
93
105
122
68
113
59
160
144
112
133
155
112
183
115
154
132
104
122
144
100
161
102
146
128
101
118
154
101
163
102
154
136
107
316
150
100
160
106
136
555
525
105
128
82
134
74
142
123
94
111
134
464
146
81
161
138
114
128
156
105
164
107
149
130
103
120
146
101
164
98
146
130
101
115
148
98
166
101
154
133
101
121
148
100
164
101
146
133
106
121
147
498
157
99
157
140
113
123
153
102
168
106
158
133
105
121
154
104
169
105
149
136
104
118
141
91
148
88
145
120
94
113
129
524
137
75
160
142
117
137
161
110
178
117
146
130
98
113
139
88
151
84
132
115
85
632
122
70
122
66
135
123
91
102
610
80
139
82
164
148
117
130
162
107
177
112
158
138
113
129
149
103
194
482
154
140
113
130
159
106
168
107
161
147
117
130
154
107
169
102
165
149
112
130
161
106
176
114
157
134
105
124
148
102
166
104
134
118
640
99
124
73
129
68
153
131
103
122
145
101
161
601
156
141
106
123
154
102
173
104
161
144
105
124
149
101
161
100
141
129
642
111
137
90
154
89
145
126
100
114
133
84
146
77
149
130
107
119
144
99
161
98
141
122
90
108
133
79
136
77
161
145
116
130
154
106
165
96
138
121
647
160
131
77
136
79
150
139
609
122
145
103
165
101
158
136
106
510
164
96
162
101
130
109
83
97
116
69
760
70
144
125
96
112
140
91
142
84
145
129
104
116
635
94
156
93
150
130
103
120
144
93
150
93
146
128
98
118
139
96
164
93
133
116
493
105
118
74
121
66
155
140
539
125
151
106
165
101
154
137
110
122
149
105
166
100
117
101
74
93
117
736
132
72
144
128
101
118
144
93
158
95
134
116
84
616
112
65
114
58
149
132
108
121
149
95
552
101
156
139
108
125
156
102
160
104
148
130
102
122
148
88
525
87
162
146
115
132
156
118
180
117
163
151
124
230
165
113
176
118
155
137
520
125
151
98
164
101
157
146
117
126
155
106
172
109
146
129
101
602
141
96
153
91
134
115
88
107
130
82
149
702
149
130
105
119
141
93
150
90
147
128
101
118
144
109
707
102
160
144
117
132
155
104
171
107
146
123
94
118
145
96
153
94
147
130
578
116
142
97
162
100
130
111
93
106
234
633
144
77
136
116
719
107
134
88
149
81
153
136
107
119
144
91
152
90
148
130
106
120
142
92
157
90
146
129
101
118
143
97
165
100
154
133
105
125
150
105
162
98
160
140
111
130
157
109
165
106
136
117
88
104
130
86
138
77
138
122
97
411
130
77
134
73
82
58
597
54
66
40
595
32
142
560
285
116
133
84
142
80
138
118
88
109
132
81
150
82
160
138
106
124
151
105
167
101
144
649
117
114
141
93
154
96
144
125
93
108
138
88
153
85
150
134
103
121
150
101
168
102
152
132
105
122
149
98
161
92
146
125
100
111
145
544
156
96
132
113
89
101
120
66
580
60
170
614
89
102
125
75
136
68
143
126
96
119
143
86
152
90
135
120
87
113
128
76
134
70
153
131
105
122
149
103
164
104
149
138
101
122
146
100
166
563
152
131
94
117
147
102
157
94
148
131
102
545
144
98
156
93
151
136
103
123
151
103
164
101
155
140
114
134
152
107
164
105
165
150
118
137
160
109
176
107
145
131
105
120
148
101
163
102
138
122
98
114
140
84
142
77
142
128
98
578
138
90
145
85
116
774
69
85
704
64
119
61
150
130
105
118
145
324
156
92
149
130
94
113
135
90
146
87
156
136
113
122
150
102
159
98
156
140
114
130
154
106
166
109
158
135
107
125
149
101
169
104
149
130
242
398
137
90
140
77
162
139
117
128
158
109
171
113
154
138
109
554
146
103
165
105
151
136
105
120
149
545
167
103
662
210
682
97
121
78
132
73
148
137
111
117
146
92
144
87
148
130
99
117
148
542
382
104
157
140
112
128
158
104
170
101
144
135
101
123
151
100
163
105
154
260
587
126
156
102
175
111
153
136
106
121
152
518
163
100
142
130
100
119
385
337
145
87
138
114
90
101
784
77
137
74
