119
151
110
153
109
122
121
153
120
162
117
126
124
157
128
160
125
138
118
149
114
153
113
126
122
161
126
171
129
138
124
161
129
162
123
133
106
146
110
145
105
102
118
150
116
154
108
117
137
170
137
173
137
154
104
145
113
150
104
113
121
162
117
164
121
134
124
154
116
165
122
130
123
162
125
164
121
130
119
158
117
160
119
126
105
143
354
146
105
113
141
173
136
181
137
152
130
163
133
168
130
146
130
161
126
172
131
136
117
153
112
157
110
121
124
164
123
163
122
139
119
154
114
155
113
123
134
170
136
177
138
151
120
160
120
161
121
133
123
158
123
163
123
133
130
164
132
172
125
137
122
156
117
158
117
125
96
133
101
141
95
109
123
160
120
162
114
129
112
149
109
154
112
114
121
154
119
153
108
122
117
150
113
151
109
117
125
154
122
165
122
131
125
161
130
171
122
138
118
155
120
160
117
124
111
138
106
144
110
110
141
173
130
178
133
149
128
168
129
168
134
143
123
164
122
166
123
139
117
150
121
157
114
127
106
141
109
144
97
105
107
138
106
142
100
106
114
151
114
156
113
124
121
157
119
160
120
137
120
154
116
155
109
123
109
144
107
145
100
104
106
141
106
142
101
103
111
141
111
148
109
114
116
162
121
162
119
130
103
137
107
144
101
107
123
160
121
162
126
137
124
168
125
161
128
134
122
162
123
166
125
137
126
161
126
165
122
133
130
166
133
169
138
146
127
157
122
161
119
132
119
155
122
156
117
130
119
154
113
157
118
127
122
146
109
154
107
114
111
140
106
140
98
106
114
151
109
150
107
118
122
160
118
167
127
135
132
166
134
174
138
144
116
151
111
151
109
119
120
153
118
157
118
122
124
160
129
167
124
140
118
156
117
153
112
122
118
154
113
151
108
118
105
141
102
458
346
96
112
155
113
152
110
118
118
154
118
159
113
125
114
144
105
150
104
113
134
172
134
178
138
146
112
147
105
144
106
113
130
167
135
173
134
146
121
154
122
163
119
134
138
170
138
179
134
153
128
166
129
170
131
145
120
160
116
162
117
125
100
139
101
138
93
105
123
155
116
155
117
121
131
169
134
173
137
149
126
167
125
166
126
133
117
151
119
160
119
122
139
174
140
181
146
157
137
171
137
177
138
151
111
144
109
148
104
111
117
150
117
153
116
118
123
156
124
161
116
133
126
158
116
157
113
126
129
165
129
169
126
142
102
142
104
138
95
107
119
160
124
162
122
136
120
159
122
524
113
126
129
165
119
160
116
130
104
147
106
144
101
108
114
150
113
149
106
116
125
154
114
157
114
122
107
142
107
144
100
106
116
149
117
154
111
122
137
171
136
177
138
154
125
161
125
162
121
136
126
168
129
169
130
140
117
154
117
585
116
129
126
162
124
165
122
134
119
159
120
154
118
126
112
142
102
141
101
106
108
142
107
139
99
104
109
146
101
146
101
108
123
157
122
164
121
130
126
160
122
165
122
133
128
163
129
165
129
136
100
131
100
134
98
626
125
164
128
167
123
134
100
133
98
140
96
104
114
148
114
152
102
112
123
157
120
158
119
129
122
156
122
160
121
133
113
150
110
154
110
120
130
165
129
169
132
142
128
164
129
166
130
142
114
146
111
157
104
116
122
160
124
166
125
132
115
149
112
152
107
120
121
156
121
162
121
135
112
154
113
151
107
113
132
166
131
173
134
146
126
160
126
165
117
135
112
148
116
155
111
118
129
160
128
166
125
136
136
171
138
180
140
153
117
155
120
157
118
128
115
152
109
149
104
115
138
168
136
178
133
147
134
170
134
178
135
146
132
158
130
175
130
141
117
150
114
150
114
125
117
153
117
159
118
130
125
155
117
162
124
130
127
165
130
170
128
138
133
165
133
171
133
146
113
144
110
148
109
107
85
99
60
104
55
68
16
37
42
25
26
37
17
38
41
24
25
34
122
161
128
165
123
134
107
139
108
145
109
113
116
154
125
164
124
136
121
152
114
158
110
119
119
155
125
164
120
132
120
157
120
165
126
133
96
133
98
136
90
93
117
148
120
160
118
131
103
136
101
141
93
100
121
157
119
160
114
124
123
158
117
156
114
126
116
147
112
146
100
115
106
142
107
144
101
106
116
157
117
153
119
121
131
160
130
173
131
144
122
154
123
159
124
129
113
142
106
149
108
117
120
162
125
168
120
138
120
153
113
152
106
118
125
161
125
162
116
121
107
144
111
149
110
117
121
160
126
166
125
132
127
161
132
166
125
135
129
166
132
168
128
138
120
158
119
158
122
128
122
164
118
166
125
133
109
141
105
144
100
104
130
166
126
167
129
140
125
164
118
166
122
132
118
150
113
151
108
119
112
144
111
149
114
121
113
149
107
149
104
110
130
160
122
169
129
132
114
148
106
146
101
106
120
153
114
158
111
129
125
162
123
164
121
136
113
149
116
156
113
122
127
162
117
161
116
124
106
140
101
144
96
104
130
165
130
171
129
141
102
142
108
146
101
109
120
154
116
159
114
116
132
164
129
164
132
136
117
151
114
155
106
116
138
168
136
180
139
148
122
160
120
167
129
138
116
150
113
153
109
120
117
154
116
148
106
116
130
163
123
165
124
138
118
154
117
158
119
126
114
154
114
153
113
119
130
163
125
168
125
137
119
156
116
160
119
123
117
160
126
161
121
130
123
154
119
157
113
121
132
165
129
166
129
139
129
166
133
169
129
138
118
146
114
155
114
128
123
160
118
158
118
121
123
168
132
171
126
140
117
155
121
162
125
130
133
170
134
181
139
148
119
153
118
152
114
114
111
143
112
150
110
122
122
157
120
161
118
128
130
163
125
170
129
141
119
158
123
163
117
131
103
137
100
145
106
116
119
155
117
153
107
119
102
141
106
146
102
111
123
164
127
165
130
137
128
157
119
160
117
128
129
162
127
167
125
141
120
152
122
156
113
126
134
166
129
172
128
146
131
162
123
169
126
136
123
147
115
161
107
118
105
144
107
147
104
107
140
176
136
177
135
154
128
161
127
165
122
133
105
141
105
141
104
107
116
151
114
147
109
113
127
166
132
177
136
148
115
152
121
158
117
128
118
155
114
156
115
125
119
156
119
157
118
123
127
158
121
157
120
126
84
116
84
119
80
87
136
173
137
176
135
149
112
145
110
150
106
108
117
156
118
157
114
127
128
162
126
168
130
141
131
168
136
170
134
144
121
156
120
159
121
127
128
169
135
171
132
148
119
156
117
162
120
132
114
146
114
152
107
114
128
164
125
162
123
136
121
158
125
162
122
130
123
161
121
162
115
130
104
146
103
142
96
102
109
145
107
150
105
109
113
146
110
142
108
112
123
160
125
165
122
132
113
155
114
152
115
120
119
150
113
148
104
111
117
154
114
158
116
123
123
150
113
156
112
120
122
160
127
166
130
135
113
146
106
148
106
113
125
168
130
167
129
141
107
144
107
148
109
110
114
145
108
149
106
109
130
160
130
170
130
136
115
150
113
157
110
118
121
151
122
160
123
130
114
150
109
151
109
117
107
144
108
146
562
208
124
151
118
157
117
123
126
162
131
166
126
131
120
149
114
153
112
123
128
162
129
165
128
135
121
158
118
161
116
125
113
147
109
150
108
112
119
153
116
155
113
114
126
166
126
168
122
133
106
144
105
144
98
102
102
131
93
138
96
96
96
134
97
628
185
104
114
149
109
149
105
109
137
175
141
180
141
149
133
168
138
171
135
146
122
157
122
165
122
134
126
160
122
162
122
135
134
169
141
176
142
150
130
161
130
162
123
132
108
144
104
149
104
105
112
153
114
156
107
118
127
160
126
165
124
134
132
168
129
170
132
146
122
152
113
161
116
128
102
140
98
138
95
93
134
170
133
174
137
149
109
142
110
147
101
106
112
145
102
144
100
109
119
158
120
162
125
139
123
158
125
163
125
132
122
158
119
163
119
153
114
158
116
152
113
119
106
142
94
137
98
105
107
144
106
144
99
110
128
157
125
164
126
131
102
137
101
144
98
104
138
173
143
184
139
153
121
160
125
164
120
138
129
161
126
171
131
138
107
146
103
136
98
226
126
160
126
165
121
132
104
140
101
142
96
103
128
162
125
158
117
133
130
170
133
172
129
142
114
149
113
157
110
117
138
172
141
178
138
150
137
169
136
180
140
153
112
148
106
147
105
110
96
130
98
136
93
94
146
182
141
185
146
163
111
145
105
147
105
109
110
153
118
156
116
125
130
163
125
165
126
140
135
168
134
178
133
148
132
166
129
169
126
139
131
165
130
170
130
133
97
133
96
130
93
97
93
119
88
654
88
94
133
173
135
173
133
148
130
166
124
168
128
137
116
152
121
157
111
120
123
160
126
168
126
140
123
163
130
168
123
136
126
163
132
165
121
138
117
157
117
157
117
128
126
158
126
160
123
135
108
144
111
149
107
113
112
145
108
149
104
108
120
160
121
158
113
125
117
152
113
154
110
120
121
153
120
156
119
124
122
154
122
157
114
122
122
160
128
164
130
138
116
150
117
153
551
119
127
168
129
171
122
133
114
147
108
152
113
117
124
161
123
170
125
133
97
131
94
137
94
104
124
159
121
158
113
126
113
149
109
147
101
107
138
178
138
180
138
154
120
157
126
169
123
136
108
144
555
144
102
109
123
164
125
162
122
135
121
491
126
166
554
138
112
147
106
146
103
115
102
140
96
141
98
103
134
170
134
172
134
149
121
150
116
155
109
115
120
152
110
152
109
109
117
157
120
157
112
122
109
144
116
148
109
141
118
156
114
154
111
119
117
153
117
161
113
128
112
151
111
150
109
116
125
164
131
170
132
144
129
164
128
169
131
145
109
146
107
141
106
113
133
168
132
178
134
142
119
152
116
156
111
122
116
154
113
154
109
117
123
158
124
164
121
134
577
503
89
117
82
82
126
163
129
165
124
135
106
148
107
149
109
112
112
146
112
146
101
116
114
150
109
158
114
125
121
157
114
163
113
122
119
149
113
153
111
123
107
147
109
150
105
114
109
143
107
148
102
105
120
161
116
157
116
130
119
155
120
162
115
123
115
146
111
152
105
119
113
143
108
152
109
120
121
155
117
157
116
127
128
164
128
166
130
143
121
154
122
162
121
127
114
142
116
155
114
122
136
170
137
180
132
146
52
50
45
75
28
37
136
170
132
171
131
141
112
148
114
150
104
110
130
158
125
165
126
140
110
141
105
146
104
109
122
156
123
162
124
133
121
163
124
162
122
130
109
146
116
148
110
120
133
167
132
175
133
146
124
160
127
162
122
131
126
165
130
165
131
142
107
141
105
141
94
106
108
135
101
138
94
98
109
146
106
151
105
116
113
150
116
154
109
114
113
149
112
147
106
113
110
146
104
148
104
112
122
162
122
162
119
128
110
150
113
154
114
122
118
154
117
151
109
116
122
160
125
166
120
134
102
141
99
147
570
645
116
155
114
160
116
129
100
134
100
135
128
98
114
149
113
155
110
124
116
141
107
142
104
110
109
147
106
146
98
113
115
148
105
145
103
107
105
141
105
147
106
111
132
169
136
175
133
151
116
151
106
150
107
114
125
158
126
166
125
136
123
161
126
169
128
144
113
149
107
154
107
117
118
149
109
146
108
110
113
148
110
145
101
109
117
148
112
147
102
114
113
151
110
152
109
117
122
154
116
157
110
122
121
154
120
153
114
126
118
157
116
160
118
126
112
146
105
141
97
100
117
150
116
151
110
122
122
160
122
162
123
132
130
161
127
167
133
137
131
169
130
174
136
143
117
147
111
150
105
112
112
146
111
146
107
114
120
162
118
154
116
124
109
149
107
145
106
116
110
149
112
150
107
113
129
169
131
174
135
141
118
150
108
147
111
116
109
148
114
150
107
114
124
160
122
160
118
128
108
144
113
154
109
121
109
150
109
146
99
110
117
149
113
151
105
109
139
173
140
177
141
152
110
150
106
149
104
118
121
157
125
170
124
139
123
158
127
157
115
128
129
160
129
169
125
135
112
149
110
153
110
117
121
155
112
155
109
113
117
146
114
156
109
119
128
162
132
172
134
148
128
165
127
160
123
143
129
164
125
165
128
141
116
149
114
149
106
118
116
154
113
152
109
110
113
149
109
147
107
116
119
156
117
156
113
120
128
166
129
173
131
145
117
160
125
162
123
136
115
153
116
160
112
122
126
158
125
165
124
136
133
166
133
174
133
145
121
152
122
162
118
125
126
162
126
164
122
130
115
146
113
158
111
119
133
170
138
178
142
156
100
140
96
141
98
100
109
144
100
141
98
104
118
150
113
154
109
119
125
162
125
166
126
136
132
162
130
177
134
141
120
155
112
156
111
117
121
154
120
160
116
125
132
169
135
178
140
155
114
148
103
142
100
109
111
152
113
154
112
121
122
155
120
154
114
122
115
148
110
154
109
123
125
162
126
166
128
135
120
150
119
156
110
117
109
144
105
148
107
116
135
173
133
175
134
144
138
169
135
178
142
152
133
158
132
166
126
139
116
149
105
146
102
108
113
154
112
157
112
117
97
134
98
138
91
96
117
155
122
161
118
133
106
145
107
144
104
107
121
160
119
162
126
132
118
146
113
148
110
117
117
148
116
151
106
116
133
169
134
177
133
154
114
154
114
156
116
127
126
157
121
164
114
130
109
146
102
144
98
108
129
160
130
169
125
139
104
134
100
138
95
96
129
167
129
173
133
146
120
153
120
156
112
125
109
144
109
148
102
114
379
151
114
515
114
119
120
152
119
160
119
125
120
149
111
153
107
117
114
147
114
154
113
113
129
161
130
168
128
135
113
150
114
150
105
114
113
147
105
147
101
109
126
157
119
167
122
131
117
157
116
153
112
119
114
146
116
149
105
110
116
156
119
157
111
118
131
166
132
170
132
147
109
144
113
154
111
121
111
142
106
143
104
104
110
145
108
145
100
105
118
158
118
158
113
121
110
148
106
147
101
106
118
154
118
157
123
129
126
160
130
165
126
142
122
162
126
168
123
138
133
168
131
170
125
140
125
161
125
163
122
131
111
145
109
147
105
114
133
167
133
173
130
140
118
150
115
151
106
117
106
135
95
133
90
96
125
157
119
151
109
123
113
145
105
140
92
111
108
142
107
145
100
109
112
146
110
149
105
110
126
160
121
165
120
137
116
150
113
156
114
117
118
152
116
155
109
121
133
161
130
172
130
142
113
145
114
154
106
116
118
154
118
155
108
120
129
169
123
170
126
141
115
148
114
155
114
121
118
152
117
157
112
119
114
149
114
150
109
114
129
158
123
165
121
136
119
158
122
160
120
126
120
151
117
155
113
125
115
149
110
146
105
106
106
146
104
144
99
102
115
152
114
158
108
118
118
154
118
156
115
123
112
148
114
164
118
129
109
145
107
148
102
114
118
150
116
155
111
117
17
41
43
26
26
37
18
40
44
26
26
37
18
39
42
30
26
36
18
41
43
28
27
39
17
37
42
25
26
36
138
170
125
172
127
138
124
161
123
168
128
141
119
157
125
167
122
133
126
162
128
166
126
134
120
157
115
155
109
118
125
162
121
162
119
128
111
147
113
149
105
114
137
169
136
172
134
145
122
155
117
157
113
118
108
144
111
153
104
116
138
170
135
177
138
148
125
160
123
164
125
134
126
169
133
177
133
146
111
145
104
144
100
110
125
157
125
165
122
136
123
160
130
166
127
139
114
150
110
149
106
112
122
162
129
167
130
138
123
153
122
161
121
128
118
149
117
156
109
114
125
158
124
163
119
133
117
151
110
149
112
114
125
162
127
166
124
135
117
151
108
146
105
111
112
148
119
151
109
118
115
154
119
149
109
113
117
149
114
152
108
118
130
165
129
169
126
137
116
152
114
152
112
118
116
154
111
152
106
116
125
164
119
169
126
132
124
154
116
160
114
121
128
160
132
170
128
141
130
169
131
170
126
139
106
138
104
140
98
103
132
167
132
168
129
138
131
166
126
164
123
139
125
166
127
166
125
135
114
147
113
151
112
118
114
146
108
145
102
111
121
158
122
156
119
126
105
146
103
145
103
108
116
154
114
149
112
116
129
160
125
169
126
133
122
157
128
162
120
136
117
151
112
151
109
113
120
162
125
162
119
129
119
151
117
161
113
128
125
156
125
164
125
138
106
148
102
142
100
106
116
155
113
160
116
128
129
162
132
171
131
144
116
154
115
155
110
124
117
155
113
155
108
113
132
165
125
173
130
138
128
164
126
166
124
130
123
162
123
165
123
134
130
165
133
170
134
142
116
151
109
153
109
117
117
152
108
154
107
117
130
160
132
168
128
142
110
146
112
147
109
115
98
134
99
138
93
100
123
152
120
161
120
126
113
148
111
149
104
112
105
140
100
142
97
109
133
169
125
170
132
143
109
138
104
140
101
104
113
146
106
146
100
112
119
151
116
158
111
119
77
109
585
697
492
87
122
157
125
167
120
128
117
150
111
149
106
117
107
147
112
148
100
109
132
165
132
170
131
143
132
162
131
169
126
135
114
155
113
154
110
116
117
150
109
149
109
113
126
164
125
164
119
128
118
165
123
167
127
133
132
170
134
173
136
147
130
158
128
167
122
133
116
150
115
154
111
118
123
162
126
162
127
134
121
154
119
155
118
124
109
150
109
149
105
110
128
164
128
170
126
142
130
162
131
169
129
139
123
156
129
163
118
133
118
158
118
160
114
124
133
170
136
177
134
147
119
156
116
160
117
129
122
154
121
164
121
130
114
151
110
153
106
117
130
169
133
171
137
147
122
157
117
158
116
119
122
162
127
165
126
139
105
141
104
142
94
102
120
157
121
165
122
132
126
163
125
169
128
133
125
158
122
162
128
134
110
144
110
152
111
116
119
150
114
158
112
121
114
150
106
146
103
109
114
155
117
157
117
122
98
134
105
721
102
112
132
168
133
176
136
149
106
141
105
143
104
112
108
144
105
148
105
117
125
155
130
166
125
137
117
157
121
165
119
129
118
150
111
160
120
122
128
164
126
167
125
138
122
154
116
164
117
126
132
166
129
173
134
141
122
150
109
154
106
121
131
168
130
170
130
146
109
148
105
148
103
114
117
148
117
155
113
123
125
160
123
165
118
133
110
145
108
147
100
109
86
120
84
126
85
94
134
173
138
177
133
150
109
148
110
148
107
109
114
150
118
156
107
122
102
140
94
138
93
99
131
161
128
170
128
141
110
146
109
147
100
113
121
157
115
157
118
120
120
152
117
154
116
125
119
157
120
162
123
137
121
158
119
164
121
132
129
161
129
171
133
144
125
157
121
166
122
136
118
145
108
149
101
110
108
144
107
147
106
112
125
162
122
162
119
132
125
157
124
159
114
130
126
154
120
160
117
129
116
154
117
157
113
126
121
156
115
155
117
122
122
157
118
161
120
138
120
155
121
162
116
133
125
156
124
162
122
126
132
166
133
176
134
151
131
168
130
173
137
145
109
145
105
147
104
114
108
146
107
149
103
112
109
145
112
151
104
112
113
149
116
157
113
125
126
164
125
164
124
133
122
157
124
164
122
129
118
153
119
161
117
130
120
155
118
154
114
125
120
155
119
153
113
122
122
149
114
158
109
122
114
151
107
146
105
114
107
142
106
144
102
104
127
159
129
170
126
139
107
147
104
141
98
109
119
154
116
165
120
128
129
161
128
169
126
137
119
155
122
160
114
132
121
157
118
163
122
127
120
152
118
157
115
128
112
154
112
156
109
122
108
143
102
142
100
109
130
166
131
172
126
141
134
170
132
169
133
143
115
154
112
153
114
123
126
158
125
162
118
129
112
145
110
155
105
118
115
153
113
151
110
122
114
153
118
158
114
122
109
144
108
148
104
118
113
144
107
153
107
117
110
144
109
152
106
114
124
155
114
165
120
125
106
141
105
149
102
112
122
159
121
166
120
135
125
160
122
165
117
127
131
160
122
166
122
138
121
152
121
160
114
129
118
156
123
161
122
138
118
152
116
160
117
125
122
155
121
160
122
130
126
160
125
169
125
140
119
150
117
158
111
125
130
169
132
170
126
141
124
155
122
162
115
126
118
152
116
156
114
122
112
147
104
150
103
113
114
149
108
141
97
103
121
158
121
164
115
130
117
148
116
154
109
116
121
149
114
152
106
117
130
164
131
172
127
138
111
147
106
144
97
106
125
166
132
172
133
137
122
162
123
170
126
139
130
169
130
176
133
144
133
170
133
172
138
147
122
153
119
160
117
125
130
154
123
157
112
117
125
157
125
167
117
125
130
162
125
171
125
137
121
153
117
154
110
122
116
155
120
156
116
126
104
139
108
141
100
107
122
159
122
165
117
130
116
155
114
156
114
124
122
157
120
162
120
129
117
148
116
151
112
118
127
160
125
168
124
141
117
158
118
153
110
120
131
167
125
174
130
142
101
143
106
142
100
102
16
38
42
25
26
36
17
37
40
24
24
35
115
148
114
150
113
118
128
164
130
173
124
141
131
169
133
172
133
145
126
160
125
166
128
137
107
138
107
142
100
102
124
155
120
160
118
126
120
162
120
155
123
131
112
145
109
149
106
113
116
150
114
148
106
113
102
140
108
142
99
109
114
154
113
150
110
121
112
148
115
158
110
124
118
155
118
157
114
122
110
150
117
158
116
124
106
141
108
148
101
105
124
160
127
165
122
133
117
152
118
155
109
122
118
153
119
161
116
123
120
149
113
148
105
113
127
157
120
165
122
134
119
154
113
153
112
121
129
162
132
176
129
145
117
146
113
150
104
114
116
151
113
154
114
123
122
154
118
160
114
124
118
156
113
160
119
130
119
158
123
160
114
128
130
165
128
165
124
137
131
170
132
170
130
145
125
160
126
162
117
127
120
160
122
157
117
132
119
155
121
155
116
124
117
153
116
158
113
119
555
287
123
169
127
139
114
149
109
151
107
115
111
142
109
151
107
113
117
150
119
153
114
121
128
170
126
172
131
145
120
151
114
150
109
114
102
136
100
136
96
94
120
152
120
161
119
130
119
155
117
158
114
124
117
147
109
147
102
110
96
131
95
128
85
92
123
160
121
162
121
133
107
146
107
148
98
101
122
158
123
160
123
133
104
146
107
148
94
657
117
153
118
160
117
130
106
141
100
142
101
110
128
158
126
165
122
129
104
136
102
137
92
92
119
160
123
161
124
138
114
149
112
150
105
117
105
140
105
142
93
97
117
152
117
159
117
130
129
158
124
168
126
138
122
155
122
160
116
125
141
175
142
182
141
153
123
157
122
161
117
131
101
137
99
135
91
93
121
158
121
157
122
130
99
133
96
130
85
92
121
154
119
151
112
122
22
43
46
42
28
40
17
37
41
24
26
34
110
148
112
146
107
108
122
162
121
166
129
139
128
165
134
178
133
146
106
138
97
142
90
102
105
144
110
146
105
109
110
150
106
147
103
109
116
145
108
151
105
113
125
157
122
165
125
140
102
138
93
132
90
93
125
155
116
153
114
123
118
153
116
155
112
118
130
165
132
172
134
145
106
144
107
145
99
107
126
168
130
174
130
145
119
146
118
154
113
123
119
165
128
166
126
139
138
173
133
181
136
154
104
143
107
141
105
653
125
162
126
166
125
140
128
168
133
172
136
144
117
155
116
157
118
126
114
150
112
158
111
120
114
153
122
153
114
116
126
161
129
163
121
136
126
161
126
171
130
145
104
132
103
136
93
100
119
153
119
154
110
117
120
157
123
160
120
128
122
156
116
161
113
120
117
149
110
152
106
116
137
171
141
181
139
149
121
160
125
161
121
130
114
150
109
148
103
109
110
150
111
153
110
117
116
151
118
156
116
123
138
170
137
176
134
146
106
141
106
145
100
110
110
148
112
154
106
113
109
144
105
148
105
111
110
144
107
149
105
113
124
158
123
163
117
133
121
155
115
157
113
125
126
164
130
173
133
145
119
155
121
160
117
122
124
156
129
166
124
135
124
159
118
161
116
127
99
137
93
134
90
94
715
138
105
148
102
109
105
142
104
142
100
103
126
162
121
167
126
133
122
162
124
167
128
140
107
139
104
144
101
104
119
153
117
157
119
126
127
164
125
168
123
132
116
150
116
157
616
130
117
160
122
162
119
130
139
169
134
178
140
155
108
134
104
137
93
101
135
174
137
178
141
152
134
170
136
173
136
148
109
141
108
145
102
108
125
157
123
162
117
125
106
605
101
141
100
106
127
167
128
166
123
138
102
133
97
140
333
494
112
150
112
152
108
114
129
166
130
170
125
136
121
154
118
162
121
136
109
151
110
149
107
118
122
161
123
160
122
132
119
157
114
156
106
125
132
165
132
174
138
146
123
161
125
171
130
138
101
142
101
141
95
106
114
144
112
156
107
111
117
151
113
151
109
121
119
157
121
160
119
134
133
170
133
172
133
149
121
161
119
162
113
126
119
152
114
150
105
111
125
164
124
167
130
139
111
143
109
142
100
105
136
162
133
168
131
139
123
159
120
165
123
129
111
144
110
144
102
109
129
166
127
173
129
144
113
147
113
155
112
118
119
156
117
157
112
129
123
157
122
158
116
125
131
166
121
166
128
141
82
122
80
541
81
87
133
165
130
169
132
142
122
148
117
157
109
120
112
146
112
148
106
115
118
152
113
156
115
123
105
139
98
141
94
106
126
154
121
161
120
132
134
169
133
176
130
146
134
171
133
173
136
151
113
148
109
148
103
107
126
158
125
162
125
131
126
158
121
169
123
136
121
150
113
151
110
117
115
155
116
157
114
119
132
162
132
179
136
149
128
162
132
165
128
136
109
144
104
149
106
115
125
166
128
174
130
144
111
148
114
155
106
123
130
164
130
172
128
145
93
129
96
133
87
90
113
146
105
143
101
105
124
156
122
162
123
129
121
150
121
157
113
119
122
147
110
153
108
114
133
168
131
174
134
142
113
150
117
154
109
116
114
142
108
150
108
114
115
148
114
149
105
110
106
144
106
145
100
104
130
163
136
167
121
131
115
148
112
149
109
117
118
153
116
160
114
130
125
156
123
161
125
134
114
154
111
152
109
118
97
137
93
136
92
93
105
138
103
136
96
99
114
139
105
146
98
105
111
143
110
147
103
114
115
145
109
143
105
110
123
162
122
170
125
144
106
142
102
142
90
100
112
147
104
142
100
108
114
149
113
150
107
114
106
139
101
138
94
105
136
169
134
171
134
146
120
150
114
155
113
115
108
145
108
148
107
116
128
162
119
155
114
125
122
160
118
162
117
132
116
153
108
150
102
118
130
165
129
171
132
146
111
151
114
149
108
117
116
149
111
150
113
114
122
145
110
154
108
117
127
164
132
164
122
138
119
154
117
154
110
119
132
170
140
178
136
148
122
155
121
157
116
128
130
169
130
172
133
146
119
157
123
160
122
126
118
156
123
159
121
132
114
160
121
163
120
132
107
142
103
142
95
100
110
147
109
149
103
110
126
164
124
171
123
138
125
163
122
165
123
133
114
145
110
145
100
111
110
145
109
149
101
109
119
156
113
157
111
123
123
160
125
161
123
125
108
138
101
142
97
102
508
129
91
130
85
85
132
165
128
174
132
139
133
163
130
173
130
140
122
155
120
157
110
123
128
160
126
168
126
138
130
162
125
168
126
136
117
155
117
156
112
119
120
153
115
155
113
118
112
142
106
146
107
113
