128
121
130
97
186
173
123
128
132
99
186
176
137
137
141
105
202
189
130
133
136
105
195
189
134
129
138
101
194
182
130
125
139
106
187
178
118
121
126
95
181
170
130
135
139
105
195
185
138
139
143
105
202
190
129
132
133
99
189
182
125
128
132
94
189
176
128
123
134
100
184
181
140
133
141
107
193
184
128
129
138
99
189
181
137
133
140
103
195
189
140
144
149
115
202
197
140
134
144
109
202
195
140
144
147
109
201
195
112
113
119
89
171
157
134
130
144
106
200
190
125
125
136
101
187
174
142
139
151
112
200
197
134
134
139
110
200
185
141
137
141
113
198
186
136
140
142
112
200
193
120
121
120
93
173
162
134
135
144
108
196
180
138
135
143
108
197
186
110
105
113
83
169
151
134
133
139
104
195
182
133
134
140
105
197
186
129
128
139
98
192
181
117
111
720
90
175
168
130
136
143
105
196
189
138
133
137
106
195
183
139
139
144
111
202
196
137
133
144
110
202
190
139
136
139
106
198
186
138
132
141
106
197
185
120
117
125
95
180
165
116
111
122
87
179
169
129
134
138
101
196
184
137
136
146
110
202
187
135
132
141
104
195
184
120
118
130
93
185
167
129
127
134
104
194
186
130
130
139
104
195
184
132
133
139
107
202
187
125
119
133
100
192
170
129
125
134
100
184
180
120
130
133
99
190
177
137
138
144
111
197
194
126
125
136
101
190
181
134
132
141
106
194
183
133
133
140
111
194
189
128
125
136
100
189
175
131
130
136
106
194
183
123
124
132
99
183
177
130
131
136
101
190
170
134
137
139
106
198
185
107
106
114
81
171
160
142
144
144
108
200
193
136
128
141
106
197
187
136
135
144
110
198
185
138
139
142
111
204
194
115
113
119
87
176
155
698
697
86
59
137
122
125
128
134
101
188
176
127
129
134
100
192
178
130
135
141
104
194
181
134
132
134
107
190
182
145
142
149
117
202
193
128
128
136
100
192
181
131
125
135
102
188
178
108
100
111
583
161
154
134
132
137
103
194
182
128
130
134
100
194
181
122
124
126
94
185
173
125
127
136
101
193
179
137
137
142
107
201
187
138
138
144
110
200
194
118
116
124
90
177
162
122
122
128
93
183
175
130
128
137
100
193
181
128
122
125
98
183
174
133
130
137
103
188
173
123
124
130
96
186
179
134
135
144
104
197
189
134
136
134
101
193
180
128
127
134
98
191
181
124
126
133
100
185
170
136
137
146
110
200
186
125
124
130
99
191
177
142
137
145
109
204
182
122
125
134
101
186
170
129
133
138
104
192
183
122
119
126
93
181
168
137
134
140
107
194
180
137
132
144
106
198
183
137
137
146
113
200
194
136
138
142
111
199
182
130
128
138
102
191
184
138
136
143
109
202
190
136
133
143
106
198
190
136
133
142
109
197
186
128
128
138
102
189
180
135
131
137
106
197
181
116
113
125
85
180
163
137
135
144
109
195
194
136
138
146
107
196
193
137
140
145
112
198
191
130
130
140
100
195
182
125
123
127
96
181
173
122
129
133
99
189
185
129
128
136
98
189
175
133
132
137
106
196
187
128
129
136
98
191
177
129
130
138
106
196
182
121
121
125
90
180
170
136
133
145
109
200
193
133
131
136
104
196
181
136
138
146
106
197
189
120
121
130
95
182
165
136
135
139
104
201
184
134
137
142
103
193
180
140
138
142
112
197
192
136
138
145
110
196
190
132
133
140
106
196
187
137
135
141
107
197
186
139
138
148
110
200
196
137
134
144
108
200
186
133
132
142
108
191
182
133
136
142
106
193
186
138
138
147
108
201
192
136
137
142
111
197
191
132
134
141
105
193
192
125
123
131
98
186
174
137
133
143
109
195
189
129
122
132
100
189
173
121
126
132
98
189
177
122
124
124
97
185
173
144
142
146
110
215
194
37
34
41
36
62
66
37
34
42
37
52
47
129
125
136
98
189
183
121
122
129
97
184
170
125
124
135
98
188
179
133
134
142
106
193
183
125
128
133
99
183
181
130
126
132
94
183
178
118
125
132
101
189
174
125
123
133
100
189
180
128
125
134
102
193
181
123
124
130
93
188
173
128
132
141
103
194
183
122
121
132
99
188
172
129
137
142
104
194
182
136
132
136
107
200
187
122
123
127
95
184
174
133
134
141
109
198
191
110
104
114
82
170
155
126
122
133
99
187
180
123
125
133
99
188
174
138
139
142
110
197
189
126
122
129
98
193
173
137
135
144
109
196
190
137
133
146
109
194
184
138
141
142
110
195
189
121
120
129
96
181
176
128
125
132
97
188
173
72
615
72
53
117
111
138
136
145
109
197
188
137
133
141
107
198
183
132
127
134
100
194
183
135
133
139
101
197
187
134
132
140
106
194
182
128
120
132
97
188
179
129
130
140
105
193
179
131
130
138
100
194
185
138
137
140
106
197
187
125
126
135
102
186
181
130
136
138
103
197
184
121
118
125
97
178
170
138
137
146
110
202
193
116
118
119
93
182
166
132
133
133
100
191
180
138
137
142
113
202
185
123
128
132
100
186
179
136
132
138
106
193
187
127
129
132
101
187
182
127
125
136
101
190
180
129
134
144
107
196
182
135
133
139
110
199
193
135
133
141
108
193
191
136
131
140
105
195
181
135
127
139
100
193
182
114
109
118
81
171
162
138
137
144
113
200
194
125
127
132
100
182
173
136
137
145
109
202
187
135
139
142
109
196
189
113
113
120
85
178
168
132
135
139
108
196
182
125
121
128
93
184
169
133
134
144
103
196
190
141
144
142
111
199
191
136
133
141
103
190
181
128
130
139
106
195
185
134
133
140
107
196
185
133
131
142
107
193
189
127
131
137
103
190
182
132
127
141
104
193
186
133
132
139
105
192
185
130
125
142
103
194
184
137
138
140
108
196
186
136
138
144
106
196
187
138
138
146
112
201
189
132
135
144
102
197
186
138
138
147
107
201
188
136
138
140
107
202
186
129
128
130
98
186
175
122
122
127
101
184
172
139
139
139
111
202
193
126
123
132
97
192
173
122
123
132
101
189
178
132
126
139
105
195
182
131
128
137
99
194
181
133
138
139
106
197
186
133
135
141
110
198
188
135
136
140
108
200
186
135
129
138
98
196
181
122
125
135
101
189
173
140
144
148
114
200
194
107
107
117
86
171
155
130
132
133
104
198
185
136
136
142
111
196
190
127
125
133
98
186
176
132
131
134
103
188
173
140
133
142
107
197
187
134
138
141
109
198
190
132
133
136
107
198
182
132
133
142
107
197
192
122
125
132
96
184
171
119
151
685
89
177
161
128
127
133
104
193
180
117
118
127
93
180
171
122
125
126
91
182
171
136
137
143
109
202
189
131
126
136
98
187
178
132
130
137
105
193
179
130
126
139
105
194
185
125
129
136
97
190
172
130
139
146
107
201
187
123
122
133
92
182
173
135
133
140
109
200
191
126
126
140
105
198
183
123
119
130
96
182
170
129
131
136
99
193
182
136
134
140
107
194
179
134
132
138
102
194
183
130
126
131
95
191
178
135
129
141
107
197
190
134
133
142
106
197
186
139
137
146
108
202
192
133
130
141
105
192
182
133
141
146
109
200
189
130
130
138
100
193
182
124
122
126
98
186
170
111
112
122
88
170
160
122
122
129
97
188
175
116
113
119
87
175
163
125
124
133
98
187
176
130
125
138
104
193
180
128
122
130
98
188
173
137
132
140
105
193
189
138
139
146
114
202
190
131
133
142
110
200
190
139
136
144
113
200
196
138
139
150
112
205
195
134
138
145
107
200
185
111
114
120
89
309
677
134
135
142
106
194
182
134
133
139
104
194
181
139
136
144
110
204
194
137
130
138
109
195
189
129
132
141
103
190
176
132
133
137
100
190
183
123
125
132
98
184
170
117
122
128
93
182
169
130
132
137
102
191
186
135
134
144
107
198
191
139
138
145
108
198
186
132
136
144
104
198
187
127
128
136
104
193
175
116
114
125
93
183
167
138
137
144
108
199
192
117
118
128
96
180
170
146
148
150
116
207
197
136
135
142
107
201
190
137
139
145
105
197
190
117
118
122
93
180
165
134
140
141
110
196
190
121
118
128
94
183
172
138
137
145
112
198
191
140
139
144
113
203
187
136
138
138
104
197
185
130
131
140
105
190
187
134
136
142
109
196
192
131
130
138
100
193
178
133
130
139
101
194
179
142
140
149
116
203
199
132
132
135
102
191
179
121
122
130
95
187
175
131
125
138
101
190
181
132
138
138
106
196
186
143
137
144
112
203
192
138
137
144
109
198
195
122
120
132
101
192
175
124
126
139
99
185
181
132
132
140
104
194
186
136
138
147
106
201
193
136
134
141
107
202
191
143
137
145
112
202
190
133
132
140
104
196
179
134
134
141
109
197
189
132
130
141
105
196
185
138
131
139
103
191
185
96
95
98
73
158
144
134
129
138
107
198
179
133
132
138
105
198
182
134
131
142
107
196
181
130
133
144
109
200
183
121
122
128
101
186
170
138
142
143
107
199
197
142
140
143
106
197
189
139
137
145
109
192
189
122
121
130
96
182
174
126
122
134
97
186
180
126
123
130
102
189
179
128
126
131
98
187
177
127
125
135
97
191
176
139
139
145
113
201
196
126
122
133
103
189
183
138
138
145
108
197
191
134
137
139
106
191
185
136
136
141
104
202
192
129
126
132
100
191
177
125
123
139
104
188
182
138
145
150
114
205
193
132
127
137
100
187
174
133
132
137
106
195
180
112
110
115
82
166
156
130
131
135
101
194
186
132
133
133
105
197
182
114
115
122
88
174
157
120
122
126
94
178
164
133
138
145
108
200
190
138
136
145
106
200
192
118
116
123
94
181
168
133
130
133
100
195
179
133
133
142
109
195
182
133
130
142
104
191
182
134
139
149
110
201
192
130
130
139
106
190
183
137
135
146
110
200
190
117
121
132
94
186
168
128
130
137
107
193
181
121
119
129
97
184
174
133
131
142
107
194
189
134
133
141
110
194
191
77
72
80
53
122
109
130
129
135
100
196
175
137
133
138
107
191
182
135
135
137
106
197
184
132
126
134
101
193
177
130
135
144
104
195
189
133
133
138
104
198
186
138
132
144
106
202
188
134
130
140
105
195
187
129
128
138
102
197
182
139
141
147
112
200
193
81
82
92
51
165
154
134
133
142
111
197
191
125
121
127
95
182
170
132
129
138
101
195
182
128
129
138
101
192
175
129
136
139
105
196
189
129
132
136
106
193
186
133
132
142
109
197
184
137
132
146
109
198
191
137
136
141
111
201
188
133
132
137
107
197
184
129
129
137
102
191
178
127
124
137
101
189
172
122
123
136
100
187
177
132
130
137
98
191
180
130
129
136
102
192
182
122
121
128
98
180
168
140
133
143
104
200
182
125
126
133
98
185
175
134
134
140
105
194
183
128
122
136
100
186
176
137
138
146
108
197
190
129
124
132
102
191
182
121
120
130
94
181
169
120
119
131
97
183
172
124
120
136
94
183
171
124
129
133
101
189
184
124
123
134
95
180
170
117
114
119
92
178
165
137
132
145
103
197
187
132
131
138
105
190
178
136
134
141
107
197
190
117
112
127
90
177
169
120
116
129
99
186
173
130
129
141
106
195
181
130
127
137
101
193
177
132
131
144
104
196
181
133
133
137
106
193
184
132
133
141
104
195
186
134
137
141
109
194
185
132
136
141
110
200
189
110
702
116
84
165
158
126
129
136
101
191
181
138
136
146
107
197
190
134
139
149
110
201
191
127
122
130
96
186
175
122
118
127
95
181
165
123
122
130
95
181
171
126
129
135
98
189
181
130
133
141
102
196
182
133
132
140
106
192
183
122
126
128
97
186
180
122
124
130
94
186
168
128
126
133
101
184
173
127
130
138
100
192
174
133
130
141
105
196
185
130
133
142
101
194
178
130
130
134
105
194
182
138
143
146
109
206
194
130
133
139
105
194
178
138
136
141
109
198
190
134
137
144
106
196
188
130
126
132
102
188
179
129
131
141
105
199
187
130
123
136
101
189
176
121
117
124
96
182
173
139
138
146
113
201
195
134
136
141
107
199
194
130
127
136
106
193
177
133
136
143
106
200
183
132
129
134
101
189
179
119
118
129
96
181
168
128
124
131
96
187
169
130
131
139
106
193
183
128
132
137
101
195
188
124
123
132
93
186
169
134
130
138
102
194
182
137
135
138
108
194
188
127
129
132
103
194
183
132
127
135
101
191
178
130
122
133
100
191
176
138
138
145
110
202
194
119
118
131
97
187
177
130
129
138
106
192
180
132
134
138
105
195
186
128
131
137
98
192
178
133
131
137
105
194
186
125
121
131
94
183
168
135
135
146
110
197
189
144
138
145
106
202
195
122
121
130
95
187
174
136
132
144
106
195
186
139
139
142
109
197
183
130
131
142
109
196
183
138
137
141
105
196
188
130
130
139
108
193
187
132
137
141
108
195
186
141
138
144
109
202
192
141
138
146
111
205
194
134
125
135
104
190
180
130
133
138
106
192
181
129
131
135
101
186
174
129
131
136
104
194
183
130
130
140
107
196
190
131
130
138
102
191
178
134
136
141
107
197
186
131
130
138
101
194
181
133
133
138
104
196
181
133
136
140
107
196
184
128
129
136
100
189
175
138
138
142
109
197
189
130
130
136
105
193
179
132
128
140
103
190
182
101
100
113
76
162
148
141
133
145
110
198
190
133
136
145
107
197
189
132
133
144
108
197
180
122
119
123
90
181
171
134
136
142
110
200
191
120
121
128
96
180
170
133
130
140
101
199
184
134
140
144
109
201
191
101
99
109
686
164
150
132
136
141
104
192
180
138
134
143
109
196
191
131
123
139
102
189
183
129
128
140
104
195
183
126
122
139
94
188
175
128
131
138
101
194
185
131
132
138
106
192
184
126
129
134
101
190
180
123
123
128
96
184
174
117
113
123
87
175
161
108
101
113
81
167
156
133
126
134
105
193
180
128
131
136
104
191
184
118
118
124
93
177
168
128
126
132
98
187
177
125
128
134
96
188
178
108
104
111
653
167
149
140
138
149
109
200
190
131
132
144
107
196
180
117
119
125
90
180
166
131
133
141
107
194
181
131
132
140
105
193
178
122
124
136
104
189
181
130
133
137
102
192
180
126
120
132
100
186
172
123
119
130
96
185
171
127
129
130
97
186
176
136
139
144
109
200
184
125
121
132
98
183
178
135
134
139
107
198
185
135
137
141
105
200
191
123
126
130
96
188
177
126
128
134
101
191
177
133
136
141
105
199
182
136
135
145
108
202
183
126
126
134
97
189
176
130
130
136
105
193
180
133
128
139
100
190
178
129
133
139
107
193
186
128
136
141
105
197
181
136
137
137
112
194
182
135
138
144
107
202
191
113
109
125
598
177
162
132
132
141
103
194
181
37
36
43
37
29
32
37
37
42
37
93
69
59
61
74
43
163
150
38
36
42
37
137
93
36
33
40
34
26
30
144
142
153
114
214
200
124
123
131
96
187
717
138
133
139
110
197
190
139
139
145
108
194
190
130
125
131
101
529
181
133
134
144
109
198
188
136
134
142
110
195
181
143
138
143
110
203
191
134
134
145
106
197
188
121
125
132
94
186
168
140
138
143
112
203
193
136
132
141
108
198
189
138
134
144
104
198
191
132
130
137
105
197
183
126
122
138
97
187
178
130
125
136
105
191
183
130
135
141
106
195
182
138
139
144
112
198
191
132
132
141
106
195
183
123
126
133
94
183
173
138
136
142
109
201
184
129
125
137
96
185
172
136
137
142
109
197
190
126
130
141
100
192
182
134
134
139
108
194
183
137
133
139
105
193
183
128
126
133
100
186
171
139
136
145
110
202
189
125
126
133
100
189
173
125
125
135
98
187
178
135
132
144
109
197
189
130
133
139
105
196
186
137
139
141
107
202
186
132
131
136
101
191
180
122
121
126
98
185
168
138
138
145
110
204
187
135
137
141
109
196
182
138
137
142
105
197
189
134
133
138
105
198
183
122
116
128
91
181
167
134
131
140
106
202
184
129
124
140
102
188
182
126
123
132
97
189
174
133
134
148
107
200
190
137
134
141
109
202
190
125
127
133
98
187
176
123
120
130
96
184
180
123
121
133
97
187
174
132
131
141
103
194
187
132
133
137
104
201
183
118
117
128
491
176
171
141
136
140
103
202
194
134
136
144
107
194
186
133
134
134
104
194
178
138
136
145
111
200
189
138
135
141
107
194
188
125
125
134
98
192
180
129
130
139
102
196
180
132
132
138
105
192
185
135
135
141
109
197
185
126
122
134
97
189
178
133
130
139
106
196
185
129
126
137
104
189
181
135
134
140
107
194
180
129
133
140
102
191
179
132
133
141
104
198
180
139
143
146
111
202
194
127
130
141
102
187
175
132
134
136
105
194
184
129
123
131
92
187
172
130
130
136
101
196
185
133
136
145
110
194
194
129
130
133
97
189
175
126
130
141
104
196
181
141
139
145
106
200
187
130
128
136
101
187
184
113
107
114
86
169
157
133
134
139
107
192
182
136
133
141
107
201
189
134
132
146
106
195
185
131
125
135
102
193
182
136
138
144
108
201
190
130
130
136
99
189
181
124
124
132
93
181
170
134
134
139
107
200
186
130
132
136
104
190
177
137
140
146
109
197
189
133
160
590
101
191
183
126
125
135
104
187
180
134
136
135
106
189
182
125
124
133
96
185
171
126
125
133
97
188
179
132
127
138
105
193
182
133
130
142
105
197
181
141
137
144
107
198
194
138
136
144
105
198
188
118
117
129
98
626
173
126
128
131
97
186
172
136
131
141
103
196
190
134
139
146
111
201
190
135
134
142
109
198
189
122
121
132
98
188
173
118
119
123
90
181
170
125
124
128
95
186
171
132
136
143
107
198
182
138
136
144
107
197
187
137
137
148
111
202
191
130
126
139
104
195
179
125
122
136
98
184
177
131
132
142
108
195
189
130
131
141
106
196
188
132
134
145
106
196
186
136
139
146
113
197
190
129
127
136
104
192
184
138
136
146
110
200
191
123
122
129
96
184
170
136
140
146
109
196
189
130
129
136
102
195
177
135
137
141
108
201
189
134
137
145
110
198
186
131
127
140
106
196
183
135
133
140
102
195
185
137
135
141
107
198
192
133
133
139
106
193
177
130
132
139
105
190
185
105
103
110
80
160
151
132
132
136
99
195
176
132
130
140
109
195
178
128
133
138
106
192
182
132
132
141
108
197
178
130
122
136
100
186
176
134
136
143
106
198
188
125
126
134
103
193
178
130
131
136
106
193
186
129
130
139
102
193
181
121
120
126
94
185
169
138
136
139
110
197
187
133
127
136
103
190
180
122
122
130
100
188
174
127
126
136
98
192
182
122
115
129
94
181
170
125
122
130
99
186
173
139
136
140
108
200
183
135
135
140
107
196
187
132
131
135
102
194
180
132
127
134
102
188
176
121
123
133
98
189
176
123
124
129
94
183
176
133
130
138
105
197
181
133
128
139
104
197
181
108
105
115
450
166
709
134
136
144
110
198
190
130
129
141
105
194
186
140
133
145
108
202
186
132
131
137
106
194
183
134
133
139
108
197
186
129
132
135
106
189
180
125
125
136
104
190
178
125
126
128
97
186
178
131
130
140
109
194
180
130
124
134
99
191
174
127
129
138
100
189
179
136
133
144
111
197
187
131
133
141
112
200
186
133
137
143
108
198
190
130
131
141
105
198
181
114
110
122
85
170
161
138
140
148
112
201
194
131
131
133
105
191
177
132
133
146
109
197
189
137
134
140
108
194
186
118
114
125
92
180
169
133
130
141
103
196
186
131
129
139
103
198
184
115
117
125
89
180
170
129
130
137
102
195
185
133
130
141
105
194
181
124
118
130
96
186
170
125
129
137
104
194
181
130
130
134
102
194
186
133
130
137
104
194
187
135
135
147
108
199
189
133
132
144
106
192
187
137
136
139
106
197
186
123
124
133
102
195
176
130
125
138
100
192
181
122
120
130
97
184
174
129
125
142
104
191
185
129
126
137
100
191
176
131
134
133
100
192
180
134
133
139
102
194
186
132
124
133
108
193
184
134
137
143
109
193
176
114
109
118
85
174
162
230
94
101
72
154
139
133
130
138
105
193
181
138
140
148
110
202
189
132
128
141
103
193
178
124
120
125
92
178
170
139
140
148
109
197
191
132
130
135
100
192
178
141
140
146
110
202
195
132
133
136
101
195
183
129
125
135
101
186
176
139
134
141
105
197
189
134
136
144
107
201
186
136
137
142
109
197
189
136
129
144
105
193
185
115
110
120
89
178
750
129
126
134
94
189
182
133
134
142
104
196
182
136
137
144
106
198
189
120
120
128
94
183
168
136
133
140
107
196
189
136
136
138
109
197
186
124
118
126
93
184
173
130
132
138
105
188
178
36
33
41
35
65
67
37
35
42
37
53
44
130
132
139
104
189
180
136
139
141
106
198
189
137
139
146
111
198
196
118
119
125
91
184
176
125
125
136
105
194
182
136
135
139
109
197
189
130
137
139
108
197
186
127
131
134
102
195
179
132
130
140
103
193
177
133
128
139
104
190
181
132
132
138
105
191
181
141
139
145
107
197
187
138
136
141
109
198
186
125
125
133
93
183
176
101
100
107
78
161
146
138
138
146
107
202
192
137
133
142
107
193
187
123
125
133
101
187
173
123
118
125
96
180
170
138
132
137
105
194
186
126
123
130
95
189
177
129
126
130
98
189
178
131
128
138
102
189
179
123
120
123
93
179
169
129
138
144
108
199
189
129
122
135
101
188
177
135
134
138
107
189
187
131
126
132
100
190
178
130
130
133
103
192
182
135
138
139
106
198
186
135
137
144
111
197
194
133
134
141
108
197
192
133
133
135
387
190
179
144
139
148
114
202
191
129
130
136
100
192
183
109
108
115
83
169
160
125
121
127
97
183
177
125
121
126
96
231
169
129
130
136
101
192
176
126
126
136
105
194
181
127
132
139
103
198
185
128
129
134
97
189
173
124
122
130
99
180
175
122
121
130
97
183
172
129
123
136
100
192
180
137
114
123
94
173
160
139
136
148
108
201
188
132
134
138
109
197
184
131
133
142
103
195
184
128
129
138
102
190
180
135
137
142
102
191
185
111
110
121
86
178
161
138
138
146
110
202
194
135
134
142
106
198
184
118
119
125
99
182
168
127
121
133
99
189
179
132
128
134
100
189
184
138
137
145
110
200
188
134
137
141
104
196
186
133
133
141
107
196
186
126
129
134
101
188
176
125
129
136
101
190
180
121
122
129
99
187
172
137
134
144
105
196
185
66
59
73
51
153
137
34
32
38
34
34
37
123
123
129
99
182
170
132
128
136
100
194
176
130
125
134
100
192
181
119
120
128
98
181
172
137
134
142
106
199
184
130
129
138
100
193
179
135
135
139
105
192
183
136
132
137
108
197
187
119
121
133
101
186
174
115
112
602
89
166
157
133
132
139
105
194
180
137
138
144
109
198
190
136
130
142
105
194
184
136
130
141
106
196
187
131
132
141
104
200
183
127
129
134
101
193
180
144
139
144
112
198
193
133
138
142
107
195
190
136
135
148
113
200
193
138
137
141
109
197
191
126
125
134
102
186
178
661
104
116
83
164
155
134
133
144
104
196
187
133
134
144
109
196
190
128
130
130
100
188
175
130
124
134
104
187
175
135
130
141
105
194
180
130
125
138
100
189
180
132
131
138
106
196
187
128
130
134
102
191
176
138
139
142
104
195
184
125
652
123
94
182
170
128
121
132
96
182
176
132
130
135
106
197
186
121
123
131
93
183
168
141
141
149
114
202
193
133
133
140
106
201
182
126
126
132
102
190
175
122
123
130
98
191
173
124
121
130
100
190
173
134
132
141
107
197
187
131
134
138
109
196
186
120
120
578
97
183
168
129
126
136
102
191
180
141
138
144
104
202
188
131
133
137
107
196
186
128
126
135
102
192
175
139
138
143
108
197
190
126
130
132
95
191
170
125
124
136
99
187
173
130
125
134
101
186
178
116
117
119
91
177
162
133
133
140
104
202
188
130
120
130
347
189
175
134
139
147
108
201
191
133
133
143
108
198
189
134
130
137
106
196
184
133
131
138
102
192
180
137
136
143
110
205
195
138
139
143
112
198
193
125
122
133
99
186
176
136
136
140
106
198
187
130
126
138
100
194
176
141
138
145
112
199
194
125
131
136
105
196
182
136
135
141
108
196
183
132
132
141
101
191
185
133
135
139
109
197
186
130
129
133
100
192
180
133
134
141
106
197
186
129
134
137
103
198
184
136
135
143
106
201
186
122
118
130
96
189
173
124
119
130
97
178
170
128
124
132
98
185
173
132
134
141
101
193
179
136
133
142
109
197
189
138
137
147
107
200
190
112
110
114
87
170
153
122
123
135
96
185
174
137
136
142
114
198
191
133
130
139
105
196
182
138
134
146
109
202
190
128
128
138
98
189
177
128
124
130
101
184
177
136
136
140
110
198
195
132
136
139
106
194
185
117
112
119
90
179
168
136
136
147
109
201
186
136
136
144
107
197
195
125
125
135
100
190
178
138
135
144
107
197
189
137
137
144
109
195
186
133
129
136
104
194
182
133
133
141
106
194
184
124
125
132
101
190
178
138
138
142
109
197
193
133
129
138
102
192
180
137
138
144
106
201
190
132
129
134
102
192
183
121
113
125
91
177
165
137
133
138
104
197
187
120
641
126
89
181
168
122
122
125
95
185
172
52
45
53
40
85
76
132
125
134
102
190
182
122
122
129
96
187
175
137
136
145
111
199
192
130
122
134
99
187
172
128
123
133
98
190
179
66
60
66
46
111
85
130
129
133
102
188
183
131
135
143
100
197
188
128
129
139
100
187
177
137
138
138
109
194
181
140
144
149
112
202
194
132
131
140
106
193
180
130
130
134
104
196
184
134
136
140
109
197
180
130
129
143
109
187
181
141
133
140
104
192
189
96
98
106
75
157
141
137
138
142
109
197
186
137
136
141
106
197
189
133
132
136
102
195
180
125
123
136
100
191
176
117
112
126
88
177
164
105
105
112
80
165
154
123
125
137
96
187
173
126
121
129
97
185
175
135
136
141
107
200
194
114
116
128
92
177
165
134
130
133
107
190
181
136
135
139
106
194
181
128
130
137
100
193
176
137
139
144
115
196
194
133
130
135
104
191
187
130
130
141
106
198
185
128
126
130
96
186
178
125
121
131
96
184
178
134
132
137
109
189
183
119
130
129
97
186
177
122
124
134
101
187
174
125
130
133
101
190
182
130
131
140
105
198
185
134
132
139
104
196
185
134
134
138
104
196
182
140
141
146
110
198
191
116
666
124
91
177
170
136
138
142
109
201
188
125
123
130
97
184
174
131
125
137
102
187
182
128
126
133
100
189
177
128
130
138
102
191
177
121
118
123
89
180
168
129
125
130
98
188
180
137
137
142
107
196
193
134
132
142
106
194
181
124
128
136
100
193
181
126
124
135
96
186
175
135
134
142
106
196
187
128
130
138
104
196
189
126
128
135
104
185
176
136
134
145
109
200
193
141
138
138
106
197
192
121
122
125
97
177
171
135
133
141
106
196
186
125
120
134
94
183
178
130
130
138
104
191
181
134
133
140
108
195
181
131
135
139
106
192
183
