557
571
580
605
550
578
1015
578
567
696
581
583
528
599
556
589
615
650
547
613
616
545
622
699
626
605
574
609
655
673
588
701
557
570
551
554
590
609
584
603
605
604
654
609
576
585
634
625
674
544
644
583
581
574
610
575
574
577
614
678
823
616
568
698
609
651
710
602
656
553
604
689
609
596
724
573
625
553
586
607
702
558
616
567
630
677
564
609
569
559
538
634
580
587
574
642
613
555
611
649
582
705
570
582
656
573
606
597
630
648
561
667
631
612
706
597
674
607
617
667
570
672
623
613
557
712
569
586
566
654
634
587
569
630
617
601
573
557
586
592
618
633
587
561
593
579
535
580
716
584
640
580
669
630
560
576
563
567
666
576
631
557
552
551
581
570
564
541
596
567
592
562
570
673
593
641
573
603
579
548
544
614
550
556
549
580
565
600
558
576
564
578
605
597
587
802
607
642
583
617
651
622
538
747
576
613
586
602
528
728
646
584
555
636
658
578
566
590
680
572
588
725
580
594
668
672
596
562
567
541
549
587
590
614
651
587
604
573
581
705
852
582
554
600
642
577
630
619
594
605
546
549
621
630
594
680
544
534
606
534
564
544
574
595
632
542
578
602
562
563
588
677
598
576
554
569
648
539
560
557
672
565
754
663
578
683
558
686
560
637
597
575
621
629
563
596
549
605
750
544
733
662
629
683
596
597
640
579
637
583
608
589
642
586
598
672
577
570
679
638
564
598
613
578
536
592
574
565
569
625
580
573
595
578
642
590
576
572
757
947
606
615
607
606
562
558
613
636
581
586
654
589
570
614
654
683
738
685
804
658
557
557
580
601
569
556
571
546
578
633
723
564
631
590
638
578
553
598
583
584
613
567
594
580
618
628
576
580
625
582
546
565
584
695
628
582
720
594
625
565
606
613
645
624
594
669
615
537
546
582
664
582
579
568
638
613
596
566
570
643
566
605
527
612
578
601
571
589
553
574
581
714
608
570
663
615
583
681
733
733
553
564
670
740
662
536
616
566
645
705
677
681
770
568
598
715
597
666
623
562
550
588
579
613
592
667
617
586
554
613
693
564
571
626
565
663
636
591
606
621
587
629
600
581
544
621
592
608
580
608
600
743
564
578
601
564
593
557
533
577
578
622
581
626
559
677
629
573
597
585
544
624
573
604
612
696
643
582
648
718
663
553
573
566
631
576
558
695
555
656
543
581
579
612
562
583
626
597
539
565
641
650
637
649
599
605
690
551
574
567
691
539
558
741
701
569
589
582
667
586
762
614
589
569
628
625
725
581
606
582
628
578
584
571
614
566
667
635
567
577
582
604
558
567
644
622
629
571
544
639
666
543
581
572
771
586
564
575
592
573
679
580
555
554
571
602
631
580
627
584
616
637
635
688
658
563
616
604
610
565
791
626
597
657
608
690
565
624
580
547
609
623
548
601
589
584
612
566
672
574
552
641
632
700
601
542
561
577
571
574
603
695
570
566
626
751
629
726
674
644
557
674
657
658
608
621
597
603
648
567
570
571
593
580
582
670
549
573
585
629
577
657
660
621
669
623
711
569
601
584
685
722
560
582
601
549
544
573
612
583
548
644
590
718
607
561
586
596
596
586
562
587
559
602
637
621
568
589
565
686
634
588
637
628
572
614
623
636
619
597
579
554
580
640
624
579
742
720
631
649
680
597
547
718
585
631
644
611
790
596
561
579
584
562
552
639
599
577
594
568
572
581
566
619
591
598
666
618
663
612
592
570
555
686
602
654
558
598
590
751
564
630
688
780
691
592
585
604
573
554
623
546
822
571
734
715
678
682
630
664
598
581
620
573
601
641
580
658
606
710
616
609
695
543
588
607
558
600
649
620
554
592
583
609
630
601
572
593
548
668
577
592
626
584
693
601
661
565
588
684
565
573
550
570
669
557
590
570
607
766
598
594
612
592
564
610
602
603
613
684
590
542
631
667
553
656
795
584
609
606
590
614
613
637
579
622
633
563
633
602
590
578
608
690
595
634
631
613
578
598
584
683
559
699
534
1108
612
571
634
571
648
606
578
649
634
823
581
546
590
550
619
559
641
722
567
600
569
573
582
656
562
572
618
573
667
541
569
621
610
606
577
545
582
546
591
592
601
580
592
557
607
542
550
584
619
585
586
550
581
586
637
607
544
570
596
614
618
595
629
591
638
554
590
597
693
623
555
693
645
623
1085
616
564
556
635
574
629
659
580
633
653
549
614
585
751
560
606
612
598
644
585
608
555
555
601
556
582
591
625
614
561
613
588
658
654
567
596
576
635
582
618
561
669
602
680
571
592
613
642
586
628
570
593
697
576
537
785
676
548
576
661
601
570
758
708
585
636
625
642
552
627
715
578
566
601
628
644
580
549
596
570
534
578
578
630
594
643
729
584
667
618
578
578
650
581
661
651
539
612
558
566
638
544
546
582
578
621
598
682
628
628
628
565
552
605
672
589
650
603
679
740
668
601
590
602
534
600
590
612
650
613
582
605
676
587
581
610
596
706
751
655
594
659
552
571
582
593
598
588
632
573
630
591
667
626
654
528
553
622
566
578
586
556
545
550
646
630
553
634
557
606
667
557
572
578
685
636
603
715
747
647
578
651
640
648
602
608
605
584
602
797
589
635
536
605
555
611
554
649
601
736
659
649
651
596
716
572
578
647
723
581
634
570
544
584
558
626
600
633
685
582
553
572
618
554
602
578
591
583
684
650
618
559
609
571
599
591
617
544
554
622
615
700
688
640
589
635
573
578
577
688
567
546
589
548
568
568
658
570
558
598
581
643
545
639
590
626
634
749
591
591
594
611
669
544
598
594
629
644
548
578
591
555
565
554
589
569
645
568
635
579
554
571
568
596
599
637
589
666
595
568
592
614
581
658
544
602
616
595
588
562
563
527
640
577
562
585
585
590
578
578
601
598
605
593
626
650
624
568
618
581
613
699
552
610
613
736
649
537
652
616
629
702
637
586
603
715
601
547
614
569
545
642
556
704
576
586
596
564
569
549
582
572
560
576
605
614
561
557
584
570
725
602
726
627
569
587
656
608
709
595
556
640
632
627
594
606
564
622
610
560
562
658
589
586
575
578
583
565
585
574
722
566
565
666
835
649
694
650
553
623
606
573
708
759
666
670
580
647
558
605
605
746
557
630
602
577
635
598
577
618
603
618
656
710
652
592
571
610
634
714
641
670
668
657
585
550
552
651
605
574
583
562
568
572
616
681
565
618
565
561
595
638
572
596
634
629
611
579
722
578
542
581
549
588
602
653
650
694
621
577
586
578
608
576
574
573
624
606
641
603
642
633
604
717
635
630
691
570
623
611
628
623
586
633
544
598
622
597
585
590
569
562
606
649
611
575
729
597
572
597
779
570
612
565
589
745
614
571
746
583
627
649
584
623
612
565
654
589
592
634
571
570
593
576
605
608
560
562
588
679
597
618
587
585
576
618
633
597
624
570
592
538
576
549
734
582
616
571
590
615
594
567
599
595
573
701
588
622
568
612
680
575
590
593
753
584
607
550
617
676
556
630
621
552
594
568
586
576
642
539
677
630
548
581
598
590
658
576
599
596
582
606
617
1218
653
622
649
650
572
724
553
578
550
586
645
708
573
546
632
624
663
660
610
561
580
674
656
591
683
670
574
574
666
576
558
588
595
625
611
685
576
566
671
580
562
567
589
596
566
526
601
841
710
627
573
804
655
589
707
599
624
1113
650
593
610
994
597
776
539
574
565
682
582
609
582
618
608
589
654
605
595
612
561
570
645
614
650
554
693
585
639
594
589
548
568
577
621
589
570
573
602
605
605
673
632
550
573
561
566
684
559
666
563
572
613
730
563
597
572
572
574
572
622
598
545
554
644
705
587
660
576
578
576
609
578
666
621
562
686
650
678
582
657
620
577
657
620
668
608
605
572
627
672
647
647
603
711
594
609
538
594
603
541
636
579
577
606
746
602
580
573
612
576
570
601
567
591
725
603
560
590
586
587
571
613
599
552
608
581
605
613
624
709
564
647
613
560
553
566
593
553
604
644
662
584
586
571
715
586
594
546
658
564
580
576
578
561
593
666
589
547
636
564
552
673
625
606
594
533
577
988
989
561
622
601
611
677
592
674
689
523
787
630
622
654
673
715
645
595
601
591
628
542
582
669
571
601
564
629
621
670
567
695
560
583
601
540
584
597
672
573
577
615
569
574
786
702
598
699
629
570
591
635
623
603
676
647
606
646
756
630
580
622
691
672
613
623
689
592
631
636
611
594
606
669
569
637
565
626
668
594
634
610
546
633
581
546
566
541
561
604
596
621
632
581
582
602
594
719
619
590
605
548
551
638
619
708
612
585
675
557
582
553
621
564
577
556
576
566
684
620
546
527
548
673
580
682
535
570
658
766
570
722
545
646
590
644
571
580
602
707
611
593
598
598
596
609
717
785
577
561
586
585
705
708
600
593
718
597
573
577
586
699
589
619
550
578
582
551
622
578
566
557
597
656
629
578
791
588
573
690
602
628
677
587
699
629
578
589
551
619
616
549
603
586
605
539
560
741
617
630
616
544
589
579
568
570
641
604
523
548
569
669
572
594
579
583
716
638
616
561
568
667
760
557
620
573
561
571
567
575
642
578
590
593
549
573
618
611
571
584
588
652
605
619
587
617
588
701
610
608
586
559
582
582
571
606
658
606
576
562
610
592
618
594
586
584
597
682
636
570
618
746
630
590
580
593
629
588
700
709
576
605
625
694
604
586
648
618
568
684
600
612
560
662
597
650
616
677
562
560
625
589
670
550
557
579
581
637
822
662
596
579
631
572
548
613
582
612
597
601
566
674
600
602
538
581
640
621
640
582
618
564
598
587
611
603
580
541
694
536
554
588
622
584
574
654
546
614
621
622
550
599
586
545
636
556
674
605
734
664
620
613
673
598
665
690
561
556
794
667
617
583
642
699
591
576
560
624
595
623
572
637
578
619
660
578
540
583
620
626
664
596
586
618
693
552
557
585
667
589
554
544
605
667
610
562
605
550
579
646
684
616
574
569
581
661
564
634
673
571
635
588
553
570
613
552
597
570
573
587
612
697
558
579
577
538
582
642
593
604
616
593
578
601
560
560
566
632
597
667
588
639
550
606
622
569
649
638
621
579
658
578
617
678
532
567
597
786
578
599
683
560
614
741
589
658
552
565
595
666
572
605
649
578
550
571
534
641
582
604
627
578
552
584
569
554
594
642
644
666
592
617
627
627
569
627
576
660
562
613
611
774
557
580
641
592
586
561
626
579
628
600
545
557
644
550
682
610
583
578
579
588
637
592
598
592
598
568
809
581
565
662
625
657
592
565
587
579
586
548
591
567
658
625
553
586
587
698
786
617
581
751
654
616
595
577
663
637
561
628
576
585
578
605
605
641
605
591
596
594
585
568
584
624
665
551
572
610
598
623
562
564
600
595
646
619
546
587
553
605
557
541
653
635
701
561
762
597
641
598
602
612
617
633
573
601
596
570
545
585
635
707
542
558
600
601
570
553
581
710
562
609
571
587
642
610
725
707
642
650
607
584
617
594
597
614
698
687
619
645
537
570
620
535
594
683
575
550
612
663
600
552
558
609
663
619
591
653
557
597
619
653
604
616
589
548
621
610
618
559
599
627
625
551
586
676
678
669
536
615
588
590
619
591
550
575
574
618
612
644
557
580
582
644
531
653
549
922
648
635
675
600
565
700
578
719
574
656
551
574
603
562
591
608
590
598
548
680
797
559
610
592
601
574
572
624
697
637
662
600
713
596
587
560
586
541
646
589
621
659
648
594
592
761
582
619
571
570
618
601
591
564
617
588
588
586
634
672
769
614
596
599
579
647
587
686
704
643
634
692
621
685
616
553
559
593
615
608
571
608
613
568
597
569
594
573
576
562
1090
709
590
571
555
594
677
612
648
562
631
619
623
594
603
621
573
580
560
576
653
557
607
689
731
553
577
545
592
720
629
620
546
578
711
547
578
723
545
689
1006
652
576
568
600
600
637
649
643
649
624
589
554
602
641
575
742
540
634
581
666
591
594
602
618
600
548
536
589
590
581
603
642
578
566
604
550
986
600
594
648
564
626
566
666
590
573
650
563
568
561
635
617
546
631
594
581
548
648
592
781
630
719
626
575
608
654
593
587
697
566
581
676
621
591
577
579
556
649
645
564
594
685
586
651
684
587
587
554
642
692
577
608
614
550
638
580
549
586
608
638
587
558
588
574
566
612
609
546
577
614
558
649
606
597
639
596
655
620
578
533
621
536
599
628
579
559
589
657
630
604
654
602
568
667
648
570
580
590
641
637
672
575
571
574
644
549
656
707
570
661
584
582
761
598
573
595
634
580
600
661
578
621
634
602
587
670
573
643
566
555
592
571
570
573
586
619
613
592
616
692
559
578
577
578
657
718
596
658
589
686
549
621
651
664
646
566
629
657
632
590
661
581
777
574
570
648
593
593
586
593
674
630
657
599
606
593
598
749
568
556
546
624
541
534
560
650
600
596
555
595
555
593
576
538
638
580
559
597
555
589
677
576
594
577
684
603
597
627
553
673
632
637
560
699
609
594
615
614
633
677
576
581
701
610
628
598
572
592
536
557
556
634
585
537
616
573
545
583
617
592
589
594
567
666
577
626
580
649
625
578
592
742
626
670
626
569
565
654
888
573
552
612
607
642
550
629
619
552
559
581
596
648
569
712
598
573
672
583
574
606
596
578
573
684
610
667
630
596
569
631
660
598
577
580
672
598
561
576
558
611
613
598
683
616
673
602
571
588
595
591
569
588
644
553
559
585
555
637
554
633
664
613
590
587
570
638
576
563
578
628
686
570
555
606
670
584
598
565
823
556
580
598
619
576
571
597
599
604
705
559
620
576
596
582
536
570
648
577
582
598
616
538
586
552
554
637
602
573
584
571
546
650
590
545
645
628
584
562
592
584
592
576
674
554
641
605
587
590
534
558
565
665
590
641
706
589
566
660
595
549
577
567
566
698
602
589
685
729
574
586
573
576
689
593
560
576
637
585
606
575
598
598
561
618
654
636
573
642
581
620
613
571
552
578
580
562
629
595
610
642
658
603
586
562
589
537
528
574
569
562
537
564
547
621
558
621
536
640
552
554
598
569
566
643
575
576
532
548
885
554
559
656
564
603
701
598
682
578
588
561
569
739
722
580
578
590
596
631
571
587
614
601
609
587
562
622
617
645
592
570
544
643
634
597
611
659
673
712
599
594
652
711
1115
565
674
561
666
561
625
641
686
600
573
558
600
688
638
564
549
578
578
602
708
660
556
605
610
549
641
549
617
565
645
618
574
612
557
679
635
594
566
584
982
666
567
597
580
613
678
710
838
581
658
585
622
592
562
592
580
578
595
644
612
610
594
547
652
601
553
601
574
621
590
746
622
574
565
631
612
580
674
664
786
701
642
593
685
623
605
547
570
582
532
602
583
637
570
577
569
629
563
547
581
679
639
573
596
609
593
603
630
631
567
636
618
560
601
602
588
594
629
570
692
599
656
561
574
597
592
582
595
698
610
696
621
644
721
542
585
582
537
564
669
590
915
655
567
641
552
609
571
608
656
597
613
657
570
599
586
648
596
660
581
571
542
594
589
570
568
676
706
553
629
542
561
688
585
645
589
597
633
612
597
589
552
679
570
590
614
565
581
612
569
678
618
568
622
743
564
586
769
586
669
670
604
628
572
594
634
629
550
577
636
550
637
587
605
583
774
609
676
629
602
649
557
597
594
737
579
670
602
548
574
566
597
569
591
553
566
586
595
583
569
621
556
611
606
586
557
549
589
635
544
596
661
692
613
631
706
681
574
661
555
731
549
579
560
620
799
634
552
588
626
642
781
589
605
651
715
599
603
582
591
631
606
561
577
601
642
693
584
560
689
618
554
715
602
661
666
554
622
602
577
678
717
717
547
598
628
598
574
580
738
700
567
654
659
562
726
602
668
610
608
686
550
585
576
562
602
562
597
577
562
635
579
570
568
604
582
701
703
555
581
863
637
597
572
939
566
581
690
657
632
747
644
586
614
624
577
582
685
664
594
557
582
724
579
550
586
669
635
602
565
698
693
659
560
567
630
613
606
578
569
599
577
729
556
620
658
609
582
593
676
589
607
593
564
573
631
594
546
637
569
598
560
578
582
585
565
536
824
611
591
563
588
615
578
717
657
597
576
579
571
576
687
972
605
615
603
654
563
584
562
593
701
599
580
589
636
581
606
570
633
603
544
603
586
588
594
696
617
599
587
636
625
712
701
584
579
600
572
721
586
577
580
658
614
568
531
629
552
728
566
557
645
597
554
604
596
608
637
666
672
703
804
602
585
653
550
584
566
572
637
603
585
595
608
576
589
603
626
739
631
585
617
618
593
773
632
594
601
588
584
674
563
582
613
541
626
584
558
670
1009
587
587
612
567
626
547
565
576
556
620
638
565
619
626
623
584
653
628
642
584
633
629
550
574
590
630
561
548
564
602
633
596
612
576
582
600
585
578
593
574
685
689
609
704
565
572
633
641
635
616
615
608
597
562
562
568
613
568
666
579
602
570
618
654
610
691
595
711
629
629
578
699
580
597
631
609
665
569
634
628
605
565
642
636
583
588
549
646
536
585
648
625
578
590
554
577
565
569
574
602
599
578
620
674
548
628
610
666
697
549
657
576
571
685
555
737
571
582
573
566
571
624
633
641
584
551
592
578
579
705
556
722
596
576
563
738
551
603
587
695
594
578
621
610
537
656
584
655
652
700
637
586
825
614
565
557
572
545
576
672
590
567
657
602
587
609
577
618
612
555
642
580
573
557
594
590
929
544
670
711
590
605
581
640
675
661
598
569
568
584
600
576
597
640
579
626
626
634
1114
619
1018
560
529
722
634
573
630
591
664
610
679
556
643
565
582
552
556
656
580
613
589
638
583
639
765
770
586
566
604
544
570
614
589
602
606
633
586
616
626
697
644
653
568
611
624
644
556
593
572
677
571
578
613
577
619
592
580
589
587
659
577
571
583
599
800
586
641
624
571
555
618
564
574
601
587
600
602
586
609
654
584
646
648
620
654
686
586
633
580
742
638
585
661
601
583
573
645
642
557
640
631
627
650
578
608
645
580
626
618
561
564
653
552
596
600
550
613
620
601
658
661
547
603
533
624
576
611
643
613
623
552
570
594
608
646
700
615
642
571
645
609
630
659
589
658
579
603
597
577
613
566
602
581
621
589
597
588
641
601
774
581
598
554
628
570
565
580
541
615
619
685
637
610
574
533
542
569
584
626
578
605
625
637
618
651
824
574
555
556
651
635
594
692
731
631
839
692
556
575
661
622
554
566
645
578
717
616
609
549
589
568
594
602
596
554
699
594
688
579
573
680
603
621
571
719
659
645
586
626
585
610
575
547
550
613
549
605
594
555
592
690
585
670
626
726
593
579
576
588
642
658
574
619
623
632
653
539
757
564
590
596
605
606
651
570
593
566
611
576
565
567
586
550
679
600
605
617
625
561
628
592
622
651
577
581
698
602
729
559
586
588
677
593
612
560
595
549
567
576
599
567
757
770
651
567
622
592
578
554
662
560
599
738
550
597
567
564
581
569
591
637
698
571
644
649
665
694
568
721
602
578
560
548
637
619
671
569
645
568
836
551
580
581
733
633
585
601
590
595
590
594
551
698
621
596
561
586
629
531
678
651
777
578
578
638
560
656
566
578
564
581
603
572
563
663
583
583
565
643
621
580
624
566
578
571
550
629
558
592
600
583
591
617
544
572
623
660
630
597
594
552
589
566
605
568
641
550
615
584
636
582
554
585
567
584
755
575
650
629
580
621
625
592
569
602
576
634
597
649
580
582
546
582
677
575
634
621
625
554
567
632
595
603
554
570
701
606
613
664
625
594
552
613
615
604
541
582
757
578
562
627
613
610
698
625
648
695
578
613
711
588
590
630
646
742
578
608
583
615
596
586
657
567
556
541
577
556
596
643
641
676
603
610
544
574
578
638
568
657
576
565
573
548
601
613
581
579
625
657
648
613
765
605
615
586
610
585
577
597
577
583
592
613
597
627
639
690
644
576
578
649
548
653
560
596
603
577
603
565
632
590
570
616
609
634
597
635
597
658
578
604
598
693
575
570
668
612
715
533
630
558
571
620
594
553
581
606
578
605
729
638
623
546
591
577
634
613
572
605
589
582
611
558
573
586
578
554
601
645
549
580
576
621
635
625
635
618
638
602
583
573
605
720
626
697
569
628
724
584
586
586
555
626
619
638
629
616
658
624
653
702
661
738
555
568
600
565
618
550
605
584
666
573
553
586
629
722
557
612
563
653
770
642
599
589
612
582
550
617
582
635
564
580
570
554
580
626
617
670
585
550
535
706
603
567
628
587
657
622
758
659
587
567
598
594
631
587
618
591
678
619
613
590
581
595
551
571
589
572
621
569
568
657
619
638
637
613
562
820
657
570
575
603
592
617
681
597
610
562
682
608
613
649
583
560
557
600
536
599
568
579
657
605
666
593
585
586
678
637
738
546
654
625
588
560
645
596
683
592
713
678
646
715
559
552
612
614
568
623
585
592
602
570
609
628
564
609
618
588
554
562
577
644
666
556
609
698
575
632
572
544
601
525
583
630
570
561
601
614
632
593
616
570
567
548
609
569
571
617
589
570
581
646
546
567
612
586
572
582
706
554
696
544
575
648
766
550
607
572
568
627
593
558
581
641
634
694
605
609
580
577
573
567
630
581
572
617
594
594
711
565
586
553
562
673
623
648
758
566
597
567
618
654
594
622
603
625
626
681
685
686
605
575
581
631
592
592
603
549
547
626
566
598
621
576
545
578
564
562
562
578
642
555
602
726
562
659
569
585
561
736
587
570
544
1040
565
650
597
578
585
585
613
640
604
598
653
649
609
593
636
596
634
667
580
528
602
624
664
597
646
582
594
589
584
568
609
663
649
771
661
575
664
682
918
609
585
585
612
606
577
646
576
620
567
554
592
573
618
559
545
658
571
611
550
592
760
626
614
642
577
570
590
715
569
532
599
584
636
544
632
577
628
563
563
615
616
562
538
610
589
538
696
642
608
576
564
574
595
596
574
586
562
571
579
562
547
618
552
623
584
573
580
692
754
605
541
580
610
574
620
629
646
598
559
580
618
567
610
553
722
608
597
600
602
650
608
642
592
562
555
637
642
633
630
606
577
723
546
816
579
577
644
636
584
606
707
562
580
566
574
553
619
724
541
556
637
632
596
686
555
577
741
674
609
608
633
547
649
580
576
573
578
632
545
638
596
689
656
566
664
572
646
612
549
578
688
590
570
548
675
642
580
563
592
545
634
622
604
588
600
626
578
541
586
605
588
657
562
623
607
568
568
588
569
642
573
611
753
554
627
561
604
582
550
564
671
617
553
581
597
576
597
538
676
573
677
610
637
622
576
589
594
562
596
646
578
574
627
545
783
576
566
646
555
584
558
669
658
651
582
598
577
558
560
661
646
637
573
583
638
601
589
619
555
580
599
553
592
595
565
580
557
563
637
631
618
574
635
578
585
642
652
714
604
605
667
578
689
657
743
711
578
589
690
656
698
645
576
584
604
576
602
546
617
642
893
674
565
693
644
573
619
541
736
608
645
597
563
561
602
660
606
645
551
576
563
574
602
584
626
613
931
566
589
598
576
679
593
577
630
655
578
657
601
545
676
718
594
580
574
583
565
547
561
1015
538
581
584
576
906
597
569
550
559
595
637
549
740
597
566
663
601
744
601
712
879
734
598
597
594
599
564
538
816
597
688
571
644
676
549
613
641
602
593
617
614
649
571
573
575
669
703
674
635
680
657
566
578
580
599
563
651
565
562
599
585
613
589
570
570
786
616
593
601
593
543
626
568
586
585
545
596
584
580
559
593
616
566
621
604
592
570
574
609
648
576
582
617
576
598
550
634
677
584
544
597
554
618
614
565
614
605
578
541
592
647
613
563
672
578
654
607
592
690
565
589
692
653
661
610
690
571
576
555
649
694
576
562
608
603
617
616
613
692
562
563
625
550
639
563
634
565
634
564
599
601
583
594
646
569
554
626
560
711
602
530
593
619
576
602
599
784
578
564
755
645
587
616
630
600
550
578
611
581
610
544
771
629
585
681
574
572
629
622
616
647
663
638
691
685
606
712
577
552
572
569
669
566
644
596
666
597
594
574
598
603
547
572
628
678
607
758
599
588
555
608
631
585
592
567
589
581
566
654
578
602
588
538
578
632
603
597
716
684
553
594
610
609
600
655
546
590
596
614
721
565
677
597
602
578
666
581
629
546
674
624
590
577
716
690
673
598
627
592
602
567
603
559
622
538
556
549
618
601
641
573
546
587
541
576
686
581
605
549
587
552
638
581
605
636
584
599
669
568
581
659
600
670
602
672
650
577
676
569
689
613
724
574
570
639
574
582
686
597
666
570
605
562
584
736
603
581
725
562
704
553
572
596
1228
774
702
574
606
562
639
582
626
781
592
570
597
626
586
541
547
628
552
628
627
682
602
589
560
549
579
645
646
711
576
643
589
627
610
583
581
567
671
588
532
580
541
569
571
607
592
611
794
594
661
614
558
558
577
594
543
585
625
622
614
564
683
678
562
673
563
669
702
596
630
547
637
645
583
581
700
652
572
574
594
619
586
649
561
604
591
544
598
608
591
725
605
564
586
587
585
624
597
587
590
627
592
642
658
638
532
561
650
622
579
560
637
620
585
639
660
584
612
628
573
557
722
593
567
558
583
607
685
589
580
578
641
631
723
603
716
577
555
632
634
619
582
583
651
569
623
622
591
570
720
571
599
598
564
668
582
550
586
656
592
579
627
572
716
574
574
628
561
548
612
548
717
582
610
577
617
586
584
548
612
548
555
605
588
663
692
666
605
582
578
678
596
565
589
643
548
560
586
602
599
607
637
726
567
649
570
649
602
561
566
579
589
668
772
677
644
579
570
549
718
578
616
739
597
613
586
604
617
670
595
545
549
590
555
574
781
654
618
653
594
581
683
556
667
558
608
598
761
589
562
654
573
631
628
738
585
715
581
607
635
580
638
571
580
596
664
585
549
594
606
625
573
585
657
702
573
596
602
640
577
753
598
664
597
707
546
669
566
625
620
570
592
646
592
607
652
562
553
573
566
606
650
628
596
626
578
609
659
586
564
578
598
609
628
583
594
619
597
555
659
597
540
582
568
562
591
582
563
657
573
544
592
1059
552
579
584
556
564
560
577
541
578
713
618
598
738
612
728
561
606
555
571
623
553
549
603
578
599
598
549
698
564
626
687
628
562
592
622
643
545
612
594
616
596
571
589
607
629
682
596
610
668
608
579
581
588
578
578
667
573
562
626
642
546
644
569
620
608
597
590
662
566
675
815
581
546
592
655
1128
604
608
644
574
614
742
646
644
558
575
582
634
553
594
582
565
585
614
608
630
581
544
554
624
587
567
562
602
702
620
588
753
709
592
633
550
598
699
683
571
633
550
702
695
614
557
592
603
583
671
537
575
650
578
594
609
591
562
617
579
562
656
601
693
566
648
577
700
546
632
559
581
550
621
548
592
597
595
660
606
634
582
546
631
696
613
591
606
576
646
569
609
596
533
762
665
610
622
640
543
668
623
669
625
609
572
610
578
598
553
573
566
670
621
619
542
685
606
577
602
606
582
570
598
546
569
762
621
536
645
576
581
558
648
677
610
602
567
649
558
553
626
694
735
773
693
680
571
668
565
548
601
552
674
682
578
606
571
618
585
676
593
597
630
596
612
589
581
537
546
709
666
597
660
612
581
570
654
632
549
589
549
595
544
679
562
577
580
556
627
629
608
590
613
618
635
627
612
560
576
569
570
677
603
576
560
722
580
566
558
580
540
786
557
618
552
613
566
634
538
704
558
555
578
584
632
663
580
637
564
593
608
621
578
574
667
558
661
567
589
614
546
597
553
646
750
541
605
666
706
746
550
598
597
581
549
748
567
564
663
588
635
522
588
618
592
829
578
568
541
702
638
570
603
586
613
694
562
638
657
715
621
591
625
591
557
654
658
630
564
662
777
581
580
578
586
555
566
615
583
553
575
605
604
603
595
745
589
668
568
580
587
617
617
1123
589
580
581
598
573
571
554
607
651
592
626
662
605
570
624
580
603
606
573
620
608
605
581
583
562
567
692
669
694
730
720
626
577
587
744
578
631
557
578
556
554
724
608
586
598
559
702
600
701
641
544
611
643
610
601
583
554
559
578
725
545
641
589
545
616
563
645
562
640
589
561
566
871
540
778
692
619
633
566
651
570
722
557
702
581
548
607
695
588
777
561
579
575
575
641
614
613
597
624
586
588
630
621
605
538
752
594
565
562
604
567
610
552
626
633
576
632
611
538
590
553
559
613
582
644
609
584
562
557
609
718
581
573
604
658
594
588
570
650
590
560
583
624
585
577
665
646
644
594
620
555
715
546
698
594
570
623
571
538
598
613
586
628
574
605
562
646
561
645
633
597
584
621
594
605
640
627
630
628
566
632
614
576
574
580
592
637
604
601
626
606
552
630
597
601
671
629
608
650
637
630
566
630
564
606
610
603
559
721
635
632
589
566
645
554
603
546
723
661
605
673
561
555
596
607
804
558
589
633
573
676
589
578
547
716
584
581
545
541
606
663
577
629
644
608
589
631
658
554
557
606
642
605
593
693
587
568
618
561
568
537
642
547
564
580
570
544
544
710
576
603
582
559
626
644
580
603
598
549
608
591
563
542
686
606
557
621
603
590
662
609
587
597
578
610
677
651
660
569
664
574
649
574
621
688
552
634
631
590
581
614
841
558
721
606
541
593
574
602
574
576
580
785
590
601
669
557
567
586
541
570
769
573
887
576
568
581
599
629
580
585
577
583
539
564
666
556
548
570
608
584
634
576
685
552
604
644
600
666
598
597
567
534
685
593
693
632
634
542
582
561
589
602
585
589
560
610
534
590
602
595
652
613
569
627
581
545
547
573
581
563
546
579
564
584
598
606
584
578
598
599
569
594
579
665
781
645
597
650
605
647
626
595
678
735
580
644
601
690
573
1224
666
654
677
614
570
619
573
621
580
554
611
713
553
581
614
598
544
628
559
571
614
587
601
605
585
631
547
622
583
651
559
605
565
623
562
657
606
547
581
799
631
650
580
565
631
562
654
653
645
610
602
659
594
538
691
610
579
603
677
537
554
626
565
641
710
648
585
594
721
545
537
601
582
615
613
598
636
592
607
628
608
568
574
677
589
631
614
625
584
589
593
677
539
577
621
586
578
810
565
586
562
604
559
634
645
653
711
635
554
577
606
659
786
566
578
577
603
545
577
640
624
616
607
649
541
542
664
622
598
570
604
648
597
532
616
602
809
603
552
626
654
537
640
637
639
618
593
590
624
572
619
631
586
561
579
626
589
656
592
552
602
550
573
620
645
601
675
582
680
681
587
686
634
766
654
556
599
595
557
656
570
608
562
597
717
629
620
569
598
564
673
573
613
564
601
606
607
573
545
584
636
717
583
606
778
541
647
581
565
610
680
645
609
578
560
597
592
581
655
640
598
682
587
739
583
663
646
580
609
637
750
578
561
686
676
530
559
664
565
550
673
571
605
623
578
677
555
562
737
734
614
564
570
693
567
659
564
555
603
628
707
594
550
579
538
570
564
653
861
646
571
617
613
694
580
750
577
684
613
683
617
692
560
624
578
566
548
568
625
618
571
589
751
643
593
562
674
629
536
722
586
796
559
596
603
570
561
586
593
598
680
555
586
614
603
725
613
708
574
667
616
578
597
641
576
625
557
796
584
586
586
686
576
548
669
738
602
601
578
631
544
665
621
644
618
552
635
729
608
670
581
672
565
550
591
583
553
589
594
582
663
614
578
592
614
668
628
615
619
549
701
634
683
573
574
632
580
555
565
597
602
669
729
587
672
578
625
589
610
608
601
597
650
547
651
604
607
589
660
656
611
577
556
597
606
591
589
613
656
593
571
584
609
568
627
628
586
590
532
628
721
676
645
612
616
677
682
601
591
690
579
657
581
573
645
588
548
562
546
703
565
619
547
594
595
698
586
649
596
682
564
580
643
692
615
565
625
596
593
697
609
645
618
687
586
609
594
549
567
574
672
597
611
581
596
601
589
612
584
560
621
587
650
649
643
530
586
551
637
592
549
626
619
553
811
569
620
569
552
550
584
545
584
547
594
552
558
635
584
573
583
660
550
589
686
637
597
571
686
549
636
682
609
561
569
818
593
563
663
665
569
602
553
602
605
616
536
581
658
530
582
553
598
621
609
786
574
614
626
571
635
532
588
702
562
556
577
723
614
629
644
549
622
594
778
662
602
581
574
646
625
614
695
647
574
618
637
733
618
554
648
560
595
564
616
580
580
554
642
609
696
629
598
645
663
630
599
595
613
640
601
564
592
623
629
564
642
722
575
566
704
569
589
580
681
554
605
589
605
625
585
574
571
605
644
620
606
617
557
709
617
754
616
577
621
632
578
576
598
650
571
650
549
608
646
584
677
578
592
567
602
573
642
555
588
561
633
690
570
648
601
580
555
595
552
606
646
643
567
571
626
658
606
544
567
540
587
590
550
566
587
643
597
608
625
592
550
580
588
587
656
569
537
577
665
609
605
690
550
577
551
542
809
626
590
602
668
812
613
585
560
663
555
550
572
557
557
717
624
573
618
582
625
588
540
634
633
609
608
571
571
600
557
605
581
582
651
602
642
621
641
710
705
555
561
593
608
574
565
629
655
621
585
569
570
566
581
610
661
570
576
589
677
621
589
549
592
568
600
596
642
567
585
587
626
556
582
614
639
937
672
614
552
585
596
577
562
619
567
568
609
694
613
552
612
625
678
585
625
712
603
589
565
546
605
972
588
548
584
613
606
708
669
626
619
615
565
545
678
622
562
622
636
594
583
628
581
582
679
660
561
624
562
610
632
582
593
589
600
551
610
630
571
565
578
673
550
586
653
584
554
593
548
573
688
544
587
559
602
595
684
598
586
602
538
597
578
621
858
654
581
575
573
578
616
578
545
610
583
654
689
544
643
588
596
548
629
623
589
628
579
648
654
571
549
637
596
575
593
576
618
618
562
545
586
585
582
654
615
610
654
541
565
595
595
549
556
647
756
617
555
618
635
660
596
657
642
586
574
584
571
609
593
556
641
625
578
594
578
599
638
578
602
573
621
557
528
557
563
594
694
595
608
620
582
621
584
562
580
608
651
646
580
581
616
642
583
709
608
614
601
550
596
593
578
617
566
631
559
628
612
646
620
560
564
562
576
676
634
608
705
723
567
617
595
569
683
582
542
696
530
603
621
569
607
572
662
564
607
563
613
580
596
579
576
636
616
617
629
555
539
585
637
634
552
667
576
533
605
557
596
612
637
579
590
671
595
597
668
618
582
701
583
547
656
702
539
576
613
571
693
596
585
598
626
583
648
617
550
603
597
615
604
589
589
644
583
614
564
573
594
602
616
550
574
611
565
622
631
570
614
593
581
669
593
599
658
582
626
600
554
609
581
578
596
562
580
570
557
605
594
633
586
620
590
633
638
686
729
589
618
590
591
663
610
757
694
649
602
585
681
602
587
713
561
613
557
609
594
629
568
603
586
637
557
565
635
729
604
576
599
608
622
581
590
638
544
635
685
541
634
581
544
617
597
597
604
539
576
577
585
648
643
647
549
562
636
677
574
555
580
557
650
706
546
636
594
538
646
562
570
557
692
538
643
595
567
578
580
582
633
619
634
696
580
617
538
586
540
570
562
670
809
570
599
594
557
581
571
666
565
585
680
590
617
581
548
603
619
754
697
693
585
546
569
672
720
700
608
574
559
562
582
606
622
678
642
537
569
619
649
550
660
566
560
583
586
562
602
653
669
572
598
692
588
575
617
611
593
582
553
558
618
596
614
570
632
595
623
665
591
608
560
575
574
622
589
805
598
590
571
544
612
652
608
606
544
637
579
629
585
545
598
608
628
581
627
547
600
629
605
718
573
578
610
578
601
687
589
549
629
659
568
654
725
582
574
602
585
676
599
584
603
789
688
602
610
677
575
723
592
624
531
640
698
677
552
618
582
621
570
647
1176
606
593
596
688
602
542
598
546
675
616
626
585
559
649
645
572
590
604
561
668
565
533
656
578
590
661
568
580
549
573
597
570
656
609
710
620
642
584
544
744
585
600
718
588
658
603
574
555
594
541
779
593
656
609
759
622
586
574
567
649
587
589
611
607
548
666
586
597
594
738
555
598
571
594
621
582
594
557
585
613
565
608
698
733
668
702
608
577
548
541
598
619
592
561
626
552
570
621
565
574
623
589
580
618
579
596
631
606
584
574
545
561
602
638
556
629
578
605
772
564
586
561
658
550
558
784
795
577
693
578
560
563
657
608
543
690
614
607
536
586
645
584
661
572
619
641
603
647
610
589
616
666
559
669
590
586
598
656
1526
649
559
581
559
640
742
557
541
567
622
580
551
549
552
578
565
684
560
625
609
640
627
614
662
562
591
586
626
598
557
629
614
593
647
565
625
553
579
608
534
581
707
576
646
676
648
559
562
683
555
545
596
556
680
619
887
576
634
569
653
529
628
605
573
596
646
617
667
563
622
547
600
586
589
656
623
610
596
601
573
649
596
618
549
610
565
559
549
586
554
677
563
622
560
634
626
574
584
704
576
584
661
598
665
581
666
676
581
700
576
637
555
573
597
623
671
621
556
680
582
566
559
673
638
572
616
557
571
603
617
581
608
560
546
584
634
618
577
571
570
573
570
578
627
660
534
634
602
560
706
605
599
613
618
570
791
734
763
579
664
581
670
642
555
642
539
629
568
659
642
583
566
638
645
579
634
705
800
600
644
644
602
629
654
657
695
571
610
622
721
551
595
692
576
577
647
580
610
623
641
666
590
621
557
712
671
594
586
682
592
562
580
538
679
755
555
579
573
593
609
725
641
620
556
626
635
589
628
713
607
572
597
603
578
618
577
638
708
546
558
621
545
625
641
645
579
647
548
637
626
605
602
634
604
629
761
634
703
641
698
541
853
588
636
627
584
583
630
626
538
616
630
548
584
579
582
544
562
629
567
598
702
628
608
584
622
724
604
610
589
569
618
609
603
624
586
733
685
599
642
558
569
657
574
602
660
595
559
632
563
655
605
595
590
535
591
617
645
726
673
602
617
554
573
666
625
618
606
590
587
596
565
590
606
582
590
581
599
569
573
663
598
578
582
623
566
580
600
606
578
550
569
601
603
614
678
590
602
577
574
637
564
626
601
544
578
646
670
573
592
569
574
565
569
578
644
644
578
648
616
635
558
597
693
610
551
704
614
576
633
568
587
561
746
580
555
566
566
613
642
606
654
657
561
586
552
581
619
588
565
590
636
701
706
587
586
597
595
621
610
607
568
565
564
558
646
592
589
635
571
592
603
583
614
601
663
674
570
586
590
642
559
619
586
584
642
589
623
633
689
601
577
622
563
558
586
637
660
593
581
580
670
597
734
562
605
595
578
593
690
610
620
549
594
619
576
573
562
596
674
605
535
650
533
559
710
625
605
552
611
554
801
570
631
561
567
589
588
594
559
559
550
606
648
974
592
586
610
677
615
585
599
606
588
564
621
547
602
611
658
646
715
567
618
582
631
592
581
625
545
588
579
617
675
638
590
593
570
585
591
640
586
650
596
623
586
578
577
589
577
584
672
598
584
570
540
598
628
722
718
561
634
610
557
605
570
586
635
640
582
603
573
678
580
574
681
662
566
565
546
553
650
650
569
620
628
661
619
627
567
584
598
618
669
616
618
575
585
624
738
677
564
676
688
598
629
553
609
583
603
587
579
587
577
776
649
540
690
633
621
654
643
594
638
594
592
626
587
554
622
585
629
590
644
576
587
596
578
605
563
561
595
593
677
578
636
690
669
580
620
657
674
683
562
593
597
571
594
541
623
613
568
629
694
550
601
549
607
552
629
553
670
576
539
573
573
626
527
550
610
559
576
663
554
625
633
630
563
622
554
594
594
582
569
552
606
616
610
636
626
650
580
597
565
628
666
586
585
594
654
597
631
569
622
663
628
568
604
646
677
574
653
631
600
567
635
638
578
606
545
544
580
576
632
588
548
619
570
605
589
570
554
593
548
654
550
549
619
588
585
545
583
703
559
552
721
647
665
691
576
602
575
581
579
576
565
571
648
581
591
626
581
639
584
589
695
644
572
622
653
653
557
630
586
547
578
655
554
563
566
619
576
630
584
651
651
581
559
557
544
690
544
580
578
685
570
609
573
600
608
626
628
564
725
637
646
649
635
640
658
658
552
580
596
622
581
552
588
574
602
555
601
627
615
627
593
622
625
583
560
615
606
564
594
563
605
593
531
562
642
597
558
593
668
548
588
756
555
582
732
638
661
586
597
599
567
536
544
672
557
581
669
550
597
666
580
762
584
582
642
634
546
613
586
556
578
561
589
702
596
558
630
584
640
621
576
587
630
538
603
532
582
570
564
577
553
602
619
574
562
542
548
577
624
587
652
562
571
696
572
591
552
588
596
653
667
609
683
621
603
590
651
781
766
704
578
620
584
551
548
652
559
615
595
637
600
565
623
560
619
581
579
582
657
573
650
581
602
666
588
666
586
606
573
646
608
656
578
594
580
645
640
593
557
567
710
612
604
562
570
623
738
669
552
551
590
586
598
570
672
570
560
606
719
606
686
602
613
632
580
597
578
601
654
576
603
708
541
644
570
606
565
571
590
685
703
710
585
642
587
590
573
622
565
593
574
618
656
676
577
578
648
622
616
619
688
694
592
557
577
584
558
552
602
628
619
921
567
596
561
630
550
582
565
582
661
585
552
640
550
589
642
580
581
621
643
545
635
627
632
608
585
608
650
627
555
777
620
610
533
637
563
580
590
576
577
617
542
580
590
613
571
724
632
540
608
610
670
630
588
583
590
727
557
602
636
605
636
749
596
594
573
589
577
586
564
560
581
709
612
612
568
576
586
642
632
616
586
601
702
623
548
582
629
631
583
546
602
660
579
790
622
693
581
705
757
574
655
661
598
596
669
594
613
557
682
653
570
578
632
541
619
600
592
565
617
616
594
588
604
645
595
610
636
754
602
591
557
562
609
673
653
597
750
566
611
616
674
562
583
582
577
628
634
621
565
602
650
567
586
557
658
666
566
645
997
563
586
576
537
728
557
612
673
629
589
554
662
781
619
537
555
608
565
550
642
570
597
621
607
602
618
701
607
653
603
580
644
567
644
555
592
584
602
614
579
626
630
637
543
570
613
576
564
580
536
595
608
857
570
671
587
658
546
638
605
546
701
607
710
629
1165
571
685
542
666
606
638
573
649
547
615
587
597
568
593
527
788
730
632
689
557
613
686
566
586
561
570
630
660
648
691
652
702
938
548
590
582
578
629
574
605
1042
623
574
563
617
689
562
559
625
586
609
574
656
587
610
658
638
560
549
636
557
581
552
568
593
573
651
602
578
557
582
665
553
607
685
545
595
658
587
611
641
581
552
573
800
564
574
702
594
581
622
669
