93
101
90
565
107
135
101
469
94
109
120
142
123
128
119
130
134
157
162
112
96
107
117
142
115
124
215
122
126
153
102
513
108
116
123
154
82
96
81
94
97
608
96
105
96
105
118
139
131
141
130
138
144
170
92
104
90
105
114
133
110
538
101
112
116
142
120
115
101
109
122
146
114
122
107
124
128
155
104
118
106
114
125
149
115
122
109
120
128
154
130
139
124
142
148
167
120
136
123
132
140
161
121
129
118
125
134
161
89
98
83
89
108
130
122
128
121
130
134
157
503
110
98
103
116
137
139
148
129
142
151
169
114
120
106
117
127
149
119
128
118
126
134
157
128
137
125
132
138
166
92
101
91
99
647
136
108
119
107
119
125
149
113
122
110
120
134
157
82
93
81
85
93
119
103
116
100
114
120
145
94
107
97
107
116
141
110
122
109
117
123
149
100
105
94
101
109
129
106
114
101
113
118
142
99
109
90
106
113
137
134
142
124
141
148
169
122
130
119
130
137
162
117
135
115
126
140
165
110
119
105
117
118
146
170
93
80
86
537
118
80
86
74
82
585
117
100
112
100
113
122
144
117
126
116
123
129
157
100
115
100
110
118
142
79
90
80
89
91
120
89
98
86
102
104
131
92
107
92
102
111
133
114
120
113
117
127
148
83
92
200
413
104
125
106
118
104
121
126
151
105
116
529
117
122
152
124
132
114
133
137
153
105
542
105
117
122
153
122
133
120
132
139
541
110
123
115
122
135
157
104
110
105
530
122
147
109
117
106
112
124
146
343
249
87
100
114
138
84
95
81
96
101
123
102
110
100
113
115
144
93
101
86
91
101
132
298
223
124
136
144
165
99
113
98
108
120
147
110
118
107
119
125
151
123
136
122
129
139
163
80
96
84
94
100
125
53
66
55
66
66
94
85
97
87
99
105
128
92
101
93
529
119
136
107
114
104
297
338
147
90
105
91
104
112
141
132
140
132
140
147
173
87
100
89
101
110
133
121
134
120
126
136
160
88
101
87
94
99
129
132
142
525
137
141
170
120
517
113
126
125
144
101
111
94
106
117
143
82
93
81
91
101
123
101
116
101
114
123
149
134
145
124
141
142
162
126
660
104
111
123
140
97
109
96
102
107
157
132
138
124
137
140
166
642
130
116
129
130
153
89
101
90
100
109
134
97
202
94
100
111
132
110
124
106
117
130
151
102
114
102
115
125
150
116
124
109
591
132
149
464
96
84
96
98
125
114
126
116
128
130
155
557
121
109
113
132
152
113
122
110
125
130
162
82
469
84
96
102
125
96
104
94
105
110
134
97
501
93
104
110
138
85
95
89
96
109
130
101
112
101
112
117
144
139
144
130
141
147
174
109
122
112
124
133
155
122
130
117
130
137
160
126
135
123
134
139
167
119
128
112
128
132
157
111
122
107
123
128
150
86
99
87
98
101
132
87
95
84
95
103
125
74
87
546
85
92
117
119
132
115
123
130
151
119
128
116
129
136
156
125
133
120
136
144
164
91
98
85
102
105
126
106
116
100
138
140
145
84
92
81
91
93
119
93
469
88
99
108
131
113
124
111
118
129
149
491
113
101
113
117
141
96
107
98
106
117
146
111
118
104
108
117
142
122
133
117
132
136
158
96
107
96
103
110
140
117
126
109
124
130
158
86
478
89
509
107
136
113
122
107
121
129
150
97
110
98
109
119
146
130
140
125
137
138
162
112
123
114
122
130
154
101
109
98
106
120
141
115
132
117
126
133
154
141
145
133
140
149
174
108
116
107
117
126
150
98
108
98
113
120
142
125
134
520
197
143
161
133
144
131
245
275
171
129
136
122
139
142
170
106
115
105
114
116
145
572
115
101
108
112
135
109
125
110
125
131
154
106
120
107
115
132
157
118
130
116
122
128
154
86
98
86
97
101
133
51
68
65
81
113
153
29
38
38
48
26
40
28
39
39
46
26
40
530
120
109
116
125
148
95
104
91
101
103
129
104
117
102
114
120
144
100
113
104
116
118
146
101
113
101
114
123
620
113
121
106
115
125
146
235
305
74
85
86
114
106
118
471
111
116
144
80
92
78
91
96
122
92
110
92
106
114
144
107
118
98
120
128
155
90
512
90
98
106
129
90
101
92
106
112
137
101
117
103
117
125
149
109
346
106
117
122
146
117
126
110
117
122
148
69
86
70
83
91
118
107
119
104
114
120
188
94
102
93
526
107
137
108
117
111
118
126
148
95
478
89
101
106
128
122
125
116
119
132
155
116
126
169
439
129
154
125
133
123
132
142
169
101
113
100
111
117
591
536
111
101
116
122
146
42
62
49
56
50
74
126
130
119
129
137
167
113
122
110
122
130
157
98
108
98
102
117
144
105
114
101
113
119
144
93
106
91
101
106
137
226
123
106
119
132
150
86
94
88
98
103
129
102
113
97
111
117
140
116
122
111
123
130
155
98
228
383
105
117
137
106
117
102
112
119
147
77
84
73
90
90
116
126
135
122
127
138
162
80
92
81
98
99
114
98
110
101
111
126
460
125
135
119
133
139
165
90
100
91
98
106
584
133
525
128
137
144
167
114
123
109
118
573
147
85
110
97
113
345
141
98
109
94
107
114
138
118
130
117
130
138
162
111
125
113
125
128
157
102
112
102
112
120
148
112
125
109
565
154
158
82
97
84
90
94
118
120
128
118
130
130
158
114
108
92
106
110
135
224
132
121
130
139
157
123
131
118
132
139
167
96
104
93
99
105
132
109
117
105
121
127
151
107
123
617
204
121
150
116
122
109
120
129
151
141
146
131
139
152
180
101
111
100
113
119
141
104
114
101
105
117
141
110
122
105
117
124
146
118
126
114
127
138
163
113
116
110
117
534
148
121
132
109
122
128
147
98
105
101
112
116
148
92
100
92
99
98
125
121
265
347
131
136
162
106
120
108
118
128
149
125
136
122
136
143
166
105
119
108
116
124
150
127
139
126
138
139
163
125
135
119
134
139
162
93
107
91
100
106
139
89
495
85
97
98
128
133
143
130
142
149
175
106
116
106
119
121
612
87
98
84
95
97
126
94
107
92
103
114
137
124
133
121
131
138
160
114
119
106
120
123
151
109
116
104
117
120
143
106
116
106
116
125
149
106
121
106
117
128
149
71
82
69
85
86
110
130
171
132
139
149
173
80
88
653
90
97
119
112
117
106
304
416
144
125
134
120
134
134
158
117
130
112
122
125
155
501
116
105
118
128
147
126
139
126
131
138
165
111
128
110
119
128
158
96
113
98
111
116
146
108
120
111
126
130
153
587
232
100
108
116
142
89
102
83
97
112
136
86
98
87
94
102
130
77
89
80
86
90
114
85
97
87
99
99
134
117
122
108
119
129
150
478
105
94
105
114
133
94
104
96
104
117
144
101
113
101
110
117
146
503
106
97
110
116
141
122
130
115
130
125
155
87
97
236
96
106
565
122
132
120
126
138
164
90
102
87
100
104
130
82
91
86
89
558
119
111
124
107
120
131
618
99
115
105
116
125
149
111
117
108
119
126
153
96
104
92
507
112
138
114
120
107
114
122
147
104
115
104
114
119
146
120
132
117
127
131
158
103
113
99
107
118
146
119
131
115
128
134
152
110
114
101
114
126
147
86
99
87
95
104
131
84
98
602
418
97
131
110
119
104
116
128
154
75
81
73
85
91
119
76
89
76
88
93
119
100
115
102
115
120
147
517
96
83
97
102
129
136
548
129
138
145
170
133
141
126
138
146
168
118
129
110
124
129
147
117
129
117
129
132
158
136
147
130
144
151
171
117
128
117
122
135
157
70
80
69
81
83
106
100
109
101
112
122
148
115
212
413
117
120
151
125
134
121
136
145
165
102
111
102
115
118
145
80
93
82
95
102
130
512
137
120
129
139
160
77
95
499
93
104
125
79
92
81
91
98
125
114
124
461
118
126
150
115
130
112
126
129
161
115
126
115
126
134
157
98
112
98
109
119
144
80
88
82
90
100
129
73
88
78
385
231
556
114
129
117
124
132
158
74
89
464
87
89
119
146
152
136
149
158
180
121
128
109
124
133
152
115
130
117
130
136
160
72
84
76
85
93
642
114
123
116
120
127
153
73
88
81
89
93
113
116
125
112
121
133
157
124
140
123
136
141
163
101
110
98
107
114
142
544
141
124
136
138
164
134
145
131
138
146
172
89
101
90
101
109
132
87
96
85
98
106
129
144
155
142
150
164
187
93
101
90
105
109
134
97
109
531
100
110
133
118
125
404
198
130
158
122
135
122
134
145
604
129
134
121
133
138
164
126
132
117
129
139
165
74
85
74
84
90
115
100
105
93
104
176
140
125
138
119
129
566
164
124
132
116
130
133
160
104
113
98
112
116
145
122
131
123
131
136
163
114
126
516
121
129
151
121
132
117
136
135
165
106
115
106
116
122
148
115
122
109
119
130
156
64
80
64
74
78
103
89
98
93
102
109
133
109
118
107
118
124
154
101
109
100
112
119
149
110
114
104
111
114
144
558
106
93
105
114
138
122
133
117
126
134
155
113
126
111
125
131
152
119
130
117
130
133
160
97
132
94
107
111
137
115
125
108
122
127
152
78
88
79
85
93
114
96
110
492
105
117
141
87
92
86
93
109
133
141
148
132
146
151
174
538
120
112
118
127
150
110
119
108
118
128
151
116
124
113
121
138
158
137
145
129
138
146
172
95
103
395
152
107
136
86
94
84
90
96
123
130
140
123
135
141
166
93
437
176
105
111
138
100
110
97
107
115
142
80
93
81
91
712
123
96
105
96
108
113
140
98
111
100
115
116
150
89
101
89
600
104
588
230
99
85
91
100
121
126
134
123
129
142
162
128
136
121
132
139
161
89
599
80
93
97
122
129
587
121
130
138
161
103
109
99
110
118
145
96
113
97
112
120
141
118
123
113
124
129
154
79
93
81
93
96
127
119
129
120
128
138
161
82
98
81
91
100
126
93
104
90
101
113
136
97
106
95
587
110
133
101
114
100
111
117
145
102
116
102
108
122
146
52
552
646
73
727
82
85
101
86
96
103
135
105
117
102
116
126
147
109
118
103
121
128
148
92
325
259
103
109
130
105
117
97
114
122
149
101
109
102
109
120
148
125
135
122
130
135
162
110
117
106
113
120
146
103
109
103
368
233
141
124
132
118
133
139
165
29
40
40
48
48
73
125
134
119
129
144
162
89
99
85
96
102
129
122
129
368
297
137
160
85
100
90
100
109
135
113
128
109
120
132
149
110
118
108
530
126
150
110
116
101
112
119
146
126
138
118
132
141
166
140
128
110
121
129
151
120
136
475
128
138
162
82
92
80
93
101
126
82
92
82
95
96
122
91
104
90
97
105
122
98
111
98
111
117
142
94
94
93
98
108
136
84
92
84
93
562
128
110
119
111
122
130
152
96
107
486
106
116
138
96
107
94
106
111
136
102
115
98
114
582
142
122
138
121
134
143
163
106
116
102
115
120
148
73
441
74
81
89
118
92
105
93
561
107
133
87
512
84
96
101
128
88
96
82
90
98
121
86
96
82
94
105
538
74
84
74
85
85
113
128
483
122
132
135
163
96
109
92
105
111
140
119
130
118
124
136
162
104
114
98
106
112
136
88
97
88
97
105
129
85
104
86
102
107
136
91
104
90
99
110
134
97
107
91
105
110
138
96
105
94
108
110
136
102
111
97
109
113
142
130
118
104
115
124
156
112
122
107
123
125
149
63
78
67
80
81
102
95
108
98
546
114
133
118
129
113
128
133
159
118
125
114
126
131
155
116
605
109
123
125
154
86
98
557
91
97
129
90
102
501
102
107
133
100
114
480
108
118
141
94
108
95
107
116
142
96
105
92
110
114
138
114
122
564
120
126
150
85
101
90
96
106
133
89
101
87
93
104
133
517
113
102
111
116
148
95
113
92
104
115
139
92
101
93
102
112
136
89
104
87
98
110
137
138
149
133
143
152
177
93
108
94
108
113
139
119
130
119
125
133
160
111
124
114
123
131
157
110
521
102
109
118
147
99
112
93
108
116
140
94
105
486
107
112
141
91
100
85
98
106
134
136
141
123
139
142
163
122
130
116
130
131
161
118
477
116
123
129
150
96
110
99
111
116
140
99
111
98
106
118
148
83
95
81
97
570
126
92
101
502
101
111
133
119
174
507
128
138
165
114
122
106
118
126
544
96
557
94
104
116
137
112
124
112
551
125
151
125
138
122
131
138
161
104
110
101
115
116
145
106
118
105
119
122
150
96
488
96
103
108
137
138
144
135
140
154
173
75
89
77
87
367
115
85
98
87
103
106
138
105
113
98
112
118
146
112
130
116
620
132
160
121
127
114
125
134
159
91
105
90
101
113
136
106
118
106
119
123
147
133
148
130
144
145
172
81
90
80
90
101
572
104
116
101
116
122
146
100
113
98
116
117
144
101
117
105
109
121
144
117
123
116
121
130
157
96
106
91
102
113
139
105
116
104
110
116
144
132
144
128
141
151
174
138
150
136
144
153
177
116
125
111
590
129
152
90
101
90
103
111
137
90
98
93
98
109
536
80
92
81
91
96
118
113
118
112
116
123
151
90
102
91
102
108
138
114
128
112
120
134
154
98
110
97
110
117
145
94
104
94
102
114
134
128
493
126
136
141
166
98
109
468
109
111
134
114
123
106
123
130
149
88
99
85
97
102
132
115
124
114
168
521
159
58
68
58
69
73
99
130
137
124
135
140
165
105
117
99
112
118
142
97
102
90
102
110
138
131
513
507
112
117
144
109
121
107
118
129
148
88
99
83
98
573
128
104
114
101
109
117
146
119
132
121
130
138
165
69
84
69
78
82
110
84
101
86
100
106
126
115
123
112
120
136
156
100
110
94
107
116
143
96
111
93
107
110
141
98
498
98
109
119
142
120
132
118
121
129
153
102
112
97
106
113
136
86
100
88
100
104
126
85
93
84
93
98
549
92
590
93
527
104
130
69
80
71
302
349
111
110
119
107
502
123
151
118
128
110
122
134
152
102
112
350
534
117
600
114
117
106
119
125
614
105
521
102
115
122
147
68
81
72
82
89
114
123
134
126
133
141
163
94
108
96
105
116
143
68
83
74
82
90
115
102
111
101
115
118
144
87
94
87
97
102
132
90
96
88
102
106
132
90
100
88
104
110
130
106
126
572
114
117
144
93
509
93
97
112
138
484
104
91
101
109
140
125
132
116
130
140
163
94
106
90
104
109
562
101
109
98
109
117
144
127
136
119
132
139
165
96
103
474
99
109
129
98
108
94
106
106
548
97
109
96
113
118
143
121
129
117
129
134
168
102
115
104
528
122
148
220
113
104
106
119
147
88
102
91
105
110
138
91
101
90
98
104
125
97
109
95
107
111
141
106
115
105
117
122
150
118
129
116
129
134
158
71
84
73
84
86
111
103
109
98
108
117
146
29
39
40
48
27
41
29
40
39
48
26
41
29
38
39
47
27
54
29
39
38
48
27
41
26
37
36
43
24
37
85
105
100
106
128
153
106
117
104
112
119
140
110
126
108
123
128
154
122
130
119
129
134
162
91
102
89
102
109
140
109
122
204
119
128
153
96
110
99
107
114
144
132
138
126
136
146
176
104
112
105
115
122
149
87
100
86
579
106
131
136
143
125
139
152
177
117
128
111
123
133
157
128
136
121
136
141
164
93
99
92
106
109
135
107
117
109
119
124
149
113
124
111
520
171
156
92
104
91
105
109
135
124
132
117
125
135
160
109
121
113
119
130
151
94
103
522
103
109
133
114
122
111
123
123
152
90
105
467
105
110
134
123
128
114
129
133
156
92
103
91
104
114
137
102
117
100
114
118
141
100
106
98
106
120
141
91
101
91
106
113
543
125
137
123
133
137
165
93
106
90
104
533
136
94
104
92
149
545
134
124
130
113
124
129
161
101
106
98
107
117
149
123
135
119
129
135
158
312
156
499
123
133
157
77
88
77
87
93
558
122
128
116
125
133
159
117
129
118
130
137
160
119
129
119
130
137
162
98
113
92
110
113
137
82
93
82
92
98
124
106
117
108
115
124
147
86
100
86
98
104
132
504
100
93
105
110
133
118
127
114
121
133
158
118
125
110
125
126
153
90
101
88
540
118
133
535
116
99
111
121
147
100
110
99
110
557
160
113
413
180
122
126
153
91
100
89
101
105
138
512
107
96
101
105
133
124
134
117
130
136
162
103
114
101
114
117
149
101
106
93
108
117
144
122
136
122
133
134
163
118
126
114
126
130
157
111
120
106
581
122
150
498
128
113
125
132
151
100
113
94
105
116
136
95
107
96
108
112
138
117
125
108
121
125
151
96
107
99
108
113
136
79
92
81
90
97
115
109
116
102
114
119
141
94
101
89
100
105
132
98
106
98
108
114
141
129
137
121
133
142
165
78
88
81
101
99
125
94
102
93
104
115
136
96
103
94
102
577
129
113
126
106
119
124
148
116
123
115
119
130
155
166
382
92
104
114
138
90
105
93
102
114
135
124
135
122
126
138
158
111
120
109
118
556
145
606
98
133
92
101
128
97
104
97
111
112
146
114
119
110
114
128
149
112
125
113
124
130
448
119
132
117
129
137
162
117
131
114
126
134
161
100
113
98
106
123
150
101
119
585
111
121
146
103
117
104
113
121
145
90
413
225
101
106
135
126
133
118
131
138
162
121
129
113
127
130
151
104
541
106
112
122
142
106
117
102
118
126
149
367
308
557
123
132
154
94
106
98
509
117
144
113
122
338
116
128
366
96
104
97
104
114
133
128
138
123
135
136
159
104
173
110
114
122
147
107
111
101
106
114
136
78
87
80
93
97
123
117
128
107
121
131
154
119
129
114
126
133
160
126
129
111
126
133
153
90
97
88
100
103
129
90
102
90
99
109
642
80
94
82
92
402
440
105
112
106
112
122
150
124
135
119
128
141
162
135
140
124
140
146
169
86
101
87
98
107
131
86
96
492
96
98
128
114
124
108
119
127
157
116
117
103
117
122
148
104
115
101
114
120
148
120
132
117
133
139
162
108
116
107
523
125
149
128
135
122
132
139
169
89
102
91
99
111
626
130
138
122
136
136
160
93
103
92
101
109
134
107
116
105
120
125
145
115
125
117
123
130
153
90
99
90
102
112
135
110
121
105
116
125
154
130
140
128
138
362
165
93
106
93
109
114
141
96
104
94
107
114
137
662
75
66
73
73
100
114
125
106
119
129
216
92
104
93
104
114
138
102
110
101
109
120
145
101
113
100
109
120
150
498
117
98
106
114
141
118
125
110
122
130
157
520
178
114
119
133
154
114
131
113
538
132
158
83
104
87
99
109
134
90
499
80
96
103
130
110
120
106
114
124
150
105
116
488
107
121
144
100
107
91
101
113
137
101
466
96
110
116
133
97
105
91
105
114
645
102
570
93
109
116
145
106
121
106
120
125
149
111
123
109
120
128
148
562
136
118
133
141
161
122
133
116
132
136
162
90
101
471
98
101
133
463
101
93
101
108
132
88
104
87
97
105
129
102
113
101
109
117
143
87
97
85
98
104
626
111
123
114
120
127
150
106
118
102
117
118
146
105
115
102
113
119
148
105
123
102
111
125
151
104
112
100
110
113
140
96
102
90
99
113
137
85
96
82
96
100
128
111
122
107
616
128
153
87
100
88
101
107
134
106
117
102
547
118
148
115
125
504
122
126
154
113
117
107
117
123
153
117
121
111
122
127
152
113
121
110
116
122
148
100
113
96
110
121
146
72
82
78
81
90
681
130
139
123
137
149
169
120
129
119
562
137
160
104
116
101
111
120
146
115
125
110
122
133
158
87
96
84
92
614
123
98
110
98
110
118
144
105
114
105
110
122
141
87
570
83
94
101
126
93
106
93
103
108
133
90
105
94
102
108
137
541
113
97
106
118
144
89
98
88
99
108
137
108
124
468
113
129
156
103
485
104
111
125
142
115
133
116
123
136
156
110
119
105
122
126
152
115
124
115
120
131
154
100
109
98
106
109
137
555
118
106
116
123
148
106
119
104
118
119
148
105
116
98
110
118
145
115
556
112
122
127
150
103
229
380
113
120
144
102
250
211
116
119
141
93
106
88
102
109
135
86
98
92
102
113
139
669
100
91
100
103
126
68
669
493
78
82
108
94
110
97
104
118
140
126
134
127
134
139
165
89
99
92
101
109
133
107
119
520
117
528
142
123
137
120
132
137
161
566
126
110
122
132
154
136
141
130
140
146
173
102
116
100
113
121
150
94
105
90
105
545
133
115
120
108
119
133
153
122
132
116
131
138
166
106
117
104
117
124
150
104
114
100
114
123
145
74
85
77
84
91
114
104
174
491
113
123
148
107
117
102
117
122
149
116
123
112
122
132
150
89
101
87
97
105
133
118
130
118
125
134
157
100
113
102
113
118
147
110
125
106
116
123
668
84
97
84
95
100
125
27
38
37
47
25
40
28
39
38
48
25
41
106
113
104
109
118
145
126
134
119
132
136
162
132
139
125
133
144
169
106
131
136
112
125
147
88
98
87
96
102
129
113
122
109
118
125
154
116
121
107
122
122
152
96
106
91
102
116
144
96
104
96
107
111
146
89
98
85
99
101
131
98
111
100
109
117
146
116
130
111
125
134
163
104
116
101
113
118
148
94
107
90
104
502
404
682
75
100
75
76
100
117
125
116
125
131
160
100
112
98
107
121
145
98
106
98
587
121
141
85
98
551
96
101
124
114
126
107
123
129
155
93
102
90
101
108
136
119
130
114
122
132
155
92
108
93
105
113
137
91
102
90
101
106
132
104
114
101
111
122
145
102
111
100
503
204
141
106
117
107
114
123
150
567
117
105
118
123
149
525
133
117
129
135
155
108
117
106
119
125
148
110
124
107
114
123
147
108
120
105
118
127
146
100
112
98
109
119
142
135
144
130
139
148
179
86
97
90
95
106
133
68
80
68
78
84
105
94
109
565
101
108
137
597
129
112
118
131
153
93
105
98
359
420
138
81
93
82
92
97
125
106
116
105
117
119
147
97
109
497
107
115
142
91
98
90
98
105
568
69
447
71
81
83
116
114
121
109
534
122
154
73
84
73
84
90
114
115
129
110
124
131
160
107
118
105
117
128
149
106
117
103
110
125
146
94
106
93
104
109
140
110
124
109
121
136
158
61
77
68
78
82
104
119
124
113
118
124
150
99
108
97
110
112
142
537
85
71
83
87
118
104
114
498
109
110
139
112
122
431
119
128
150
113
125
107
124
132
155
498
174
124
133
138
164
111
122
109
124
131
149
78
86
77
85
90
116
106
473
106
111
124
146
73
292
206
78
84
107
96
115
100
113
122
149
29
42
40
50
48
75
26
36
36
43
24
36
84
98
89
602
106
130
122
509
115
128
139
160
113
122
113
124
548
151
75
80
72
85
92
115
94
106
94
107
114
139
88
394
148
98
105
134
108
116
106
114
121
149
121
132
116
125
131
154
72
85
70
85
89
112
83
91
78
581
93
121
100
110
96
107
120
143
124
133
118
131
135
160
87
97
91
97
103
126
128
136
123
136
140
164
104
111
103
109
118
144
565
125
106
125
130
150
142
149
132
146
150
173
109
116
104
114
119
149
126
128
115
132
134
160
138
138
128
136
145
167
103
114
101
120
510
146
78
89
77
85
97
124
101
111
100
109
116
142
117
145
116
123
131
155
114
129
110
126
127
154
86
93
85
97
99
123
96
109
99
112
114
144
104
117
100
567
114
138
106
119
106
114
124
148
98
107
92
101
112
144
537
141
123
132
142
166
97
109
96
106
116
134
88
101
88
101
104
132
98
110
101
106
110
137
95
541
93
102
109
132
126
138
123
133
141
165
94
104
92
100
114
137
90
99
89
95
104
130
479
93
85
96
100
129
85
97
85
94
319
344
114
125
112
125
130
151
107
116
101
115
119
145
111
125
509
114
129
145
100
113
102
112
521
143
119
130
118
125
133
153
101
116
101
109
121
152
73
85
77
88
91
122
127
136
125
137
142
164
366
97
83
94
100
124
107
116
105
114
127
630
108
121
111
121
120
154
75
88
76
85
608
116
105
117
103
116
121
147
102
115
105
117
120
146
126
137
122
130
140
162
120
122
108
121
124
149
128
138
125
135
549
165
84
97
85
94
104
133
141
146
135
146
148
170
133
148
129
140
146
169
437
95
85
96
101
124
111
122
105
122
129
146
96
106
94
100
107
136
119
132
113
130
132
155
85
102
87
98
100
128
100
112
96
112
117
142
116
125
500
126
126
157
114
126
113
119
128
154
92
104
92
102
105
131
113
121
109
125
125
154
105
109
99
110
114
141
134
144
127
141
144
170
107
117
104
124
640
146
81
94
480
85
97
118
92
480
91
100
104
132
96
109
98
106
115
146
113
125
109
120
128
155
130
140
128
132
144
165
90
655
93
93
107
137
115
104
88
94
102
128
122
129
115
124
136
162
85
96
86
102
105
130
125
133
119
133
138
158
109
118
472
115
120
149
85
98
88
98
105
133
126
128
117
126
130
156
100
109
99
107
113
136
87
96
84
95
105
136
111
118
108
116
125
150
125
134
122
132
137
162
92
101
90
101
110
132
126
135
122
137
145
165
102
114
102
114
120
147
94
104
93
104
110
137
106
111
100
114
116
146
78
91
78
89
97
119
116
127
110
122
125
155
567
126
118
128
138
161
131
141
128
138
145
169
89
98
86
100
111
134
99
106
97
666
110
142
114
125
114
123
132
151
88
99
87
96
106
134
87
101
89
104
108
597
50
913
55
58
57
74
113
122
109
122
126
153
463
98
85
94
102
131
123
133
119
130
139
160
93
106
98
503
110
135
116
122
109
120
126
144
33
45
42
50
859
66
88
98
84
96
101
132
112
117
105
121
128
154
96
112
495
110
111
138
99
108
96
110
117
140
135
141
130
140
150
170
95
107
90
99
113
139
92
105
89
101
105
128
94
104
96
106
110
138
91
98
86
98
102
131
116
125
115
125
139
162
69
80
68
74
85
108
113
119
107
115
124
151
117
128
130
125
130
158
93
108
92
104
115
137
70
86
75
83
88
111
70
85
77
83
87
114
67
638
69
77
85
106
89
98
87
525
109
132
84
93
82
91
96
583
133
143
125
137
145
168
73
85
345
85
89
114
84
100
86
97
111
129
97
109
96
109
116
141
80
88
80
88
95
126
128
139
126
138
142
170
100
106
97
110
113
141
98
108
90
105
107
132
100
110
100
524
121
145
97
112
98
109
117
142
94
102
97
102
111
138
116
128
113
123
619
150
87
96
90
97
105
518
94
101
93
100
106
136
100
110
96
111
117
142
538
125
116
125
130
154
96
113
97
105
116
140
137
150
134
143
152
173
91
103
91
96
108
134
128
135
125
133
144
166
101
110
96
106
119
141
113
120
110
552
129
145
103
114
520
112
118
140
81
94
84
98
102
135
78
89
81
90
93
118
110
122
106
120
119
146
121
130
114
129
131
157
93
100
93
103
107
138
92
102
89
98
107
135
98
106
93
542
111
134
113
119
109
117
129
151
84
99
81
94
96
125
72
87
75
90
99
125
124
130
119
128
141
164
129
135
118
132
141
162
94
101
91
101
107
136
290
128
117
130
134
157
109
548
107
121
124
148
100
110
97
109
117
138
97
111
100
112
117
143
99
103
92
107
112
136
