137
113
121
155
98
160
140
106
122
151
97
160
139
113
127
154
102
165
144
114
128
154
100
168
143
109
130
150
106
162
136
110
129
153
107
163
133
105
125
147
97
158
140
109
122
148
104
160
145
113
130
155
106
168
134
105
120
145
97
159
140
116
125
150
100
165
142
109
123
154
102
162
141
108
124
154
100
160
136
109
126
151
100
161
119
89
104
132
84
145
150
117
134
164
111
173
144
111
129
150
102
162
148
117
129
156
112
171
138
110
124
149
97
160
142
113
125
149
101
168
135
107
126
150
101
158
148
113
130
153
112
165
144
116
130
158
105
168
140
112
127
154
102
166
147
113
130
157
102
170
138
104
124
150
97
159
113
88
106
126
82
148
136
115
130
156
102
162
132
104
116
138
90
152
138
109
122
153
98
160
132
107
122
148
104
162
141
110
125
153
101
162
144
116
129
154
105
168
134
113
125
148
96
160
133
106
122
146
97
156
144
111
131
154
104
168
142
113
126
150
102
169
141
115
123
154
104
164
135
109
129
144
99
158
133
106
124
146
100
158
136
103
120
141
95
152
133
106
127
148
97
158
141
116
133
149
98
160
141
109
125
150
101
162
135
104
124
149
99
158
133
106
128
146
103
157
135
106
125
148
98
161
141
112
125
150
104
160
132
109
124
145
96
160
144
111
131
149
103
168
138
112
131
154
105
164
144
113
128
153
107
166
147
120
129
154
100
161
146
114
133
156
101
168
144
108
129
153
104
163
141
107
125
152
99
162
136
109
122
146
101
161
132
106
120
148
101
155
132
105
122
145
93
157
138
109
126
157
102
165
141
109
123
151
102
162
145
116
134
163
107
170
134
107
123
150
99
164
140
105
125
152
103
160
140
114
131
152
106
168
140
107
125
152
98
160
132
104
122
144
94
161
117
93
110
135
92
148
139
107
125
154
104
165
140
110
130
156
104
161
138
106
119
152
98
163
151
123
130
157
107
170
136
107
122
154
97
156
148
117
129
152
100
163
141
112
126
154
107
162
148
120
135
157
103
164
144
111
128
155
102
163
138
108
123
145
101
160
130
104
117
146
94
157
141
109
129
155
106
170
141
109
130
158
104
168
141
113
126
154
105
168
134
109
126
149
98
158
148
113
133
150
102
169
146
117
126
156
102
165
133
104
122
146
94
162
135
106
119
151
98
160
142
110
130
154
98
158
139
111
130
151
101
166
139
112
125
157
106
160
134
106
120
150
93
160
142
108
123
153
96
164
138
102
121
146
98
160
141
113
128
150
104
162
130
106
126
149
96
162
130
105
128
150
98
159
138
107
124
151
102
162
135
106
127
146
99
155
132
109
128
150
102
160
143
116
131
155
101
163
145
115
132
152
105
169
149
117
124
158
107
163
134
99
118
138
90
155
142
114
130
153
101
168
141
111
128
154
102
162
128
105
121
147
97
159
130
105
121
146
98
160
129
101
119
148
90
156
138
110
124
157
105
162
141
110
132
152
98
160
145
114
132
153
105
166
121
94
112
136
85
148
138
109
127
154
110
164
132
104
123
148
100
155
135
110
125
149
100
161
145
110
122
151
99
164
133
106
126
149
101
161
134
107
125
154
101
162
144
114
126
153
102
166
143
117
126
156
104
162
128
106
121
145
96
160
140
113
128
152
101
168
134
109
125
153
101
161
142
112
124
155
102
169
136
105
123
150
94
161
145
113
125
153
101
167
141
109
123
149
98
165
139
105
122
151
99
165
138
114
126
151
101
165
152
114
130
158
104
166
138
108
123
151
106
163
136
109
125
149
103
163
149
116
129
154
109
167
145
118
126
155
106
166
144
110
128
154
100
162
138
114
130
150
100
162
137
112
126
149
101
163
143
108
125
152
103
161
143
114
126
154
104
161
146
115
129
159
105
170
133
107
125
149
93
161
133
101
116
158
99
171
20
34
30
21
13
22
19
34
28
20
13
22
140
113
124
154
105
164
138
104
122
144
93
157
144
109
123
150
103
162
133
104
126
149
101
162
140
113
128
150
101
160
144
112
129
154
104
164
130
106
119
146
97
154
142
109
125
153
100
163
132
100
121
145
98
153
135
106
124
145
102
160
135
112
124
150
104
161
138
109
123
149
100
165
136
108
126
152
100
157
144
106
123
150
97
161
144
116
132
151
104
166
145
113
126
155
104
162
133
105
119
145
95
156
144
112
125
152
99
162
140
109
122
150
102
158
136
111
128
150
104
162
136
108
129
153
98
156
142
112
130
151
102
166
144
111
130
151
105
160
142
110
122
151
101
160
142
108
124
140
98
156
140
110
123
151
102
169
129
101
114
142
92
152
142
113
126
151
100
163
137
109
124
149
100
158
134
102
121
152
102
157
142
107
125
147
97
155
136
111
124
149
98
160
140
111
130
155
101
164
136
104
120
146
100
162
138
111
120
150
98
160
142
117
122
149
103
162
133
109
124
150
100
158
141
109
123
154
101
168
124
102
121
144
96
153
147
117
129
156
102
167
135
106
121
150
96
154
132
113
124
152
102
163
144
115
124
154
102
168
137
107
129
150
107
166
149
114
130
154
103
165
145
109
126
154
101
160
137
109
126
148
96
164
134
106
126
149
103
158
145
117
134
156
106
166
139
114
125
155
101
170
141
102
126
149
101
160
137
110
125
153
107
162
141
114
121
148
101
160
139
114
128
155
100
162
138
107
128
153
101
162
144
116
131
150
106
162
141
111
126
155
106
164
140
114
124
149
96
162
142
111
123
153
102
164
146
115
132
153
100
166
141
107
125
148
100
162
141
114
126
154
102
166
132
111
122
153
102
157
144
111
123
151
100
155
139
114
129
152
101
165
141
110
128
146
100
166
142
117
127
154
103
162
125
98
107
129
87
147
134
104
123
151
100
158
142
109
127
147
98
158
146
114
130
154
105
164
138
113
128
154
105
160
136
109
126
152
104
165
135
104
126
154
104
162
149
112
130
150
107
163
144
114
130
152
107
168
133
109
122
144
96
164
136
108
125
151
94
155
145
113
125
157
102
167
141
113
130
157
103
167
137
109
118
146
94
152
133
107
124
150
105
165
146
111
130
153
106
161
143
109
129
153
100
162
138
114
127
157
101
164
138
112
129
151
102
166
141
106
121
149
101
161
117
94
109
132
85
141
145
114
129
157
106
168
125
482
116
141
94
157
144
109
132
154
99
160
148
115
122
150
99
164
142
109
128
151
107
164
138
107
128
148
100
158
146
110
127
149
102
160
146
114
129
152
98
165
136
108
123
153
100
156
139
112
126
153
100
160
136
112
126
154
99
161
137
104
123
151
100
165
137
105
121
149
100
165
130
103
125
144
97
154
131
100
119
147
101
159
144
114
129
153
102
164
135
108
123
151
101
163
135
105
128
146
99
164
138
110
128
145
100
161
137
114
127
150
101
160
146
112
130
155
104
164
134
102
123
145
98
161
143
109
130
157
102
166
138
109
124
149
97
156
134
108
125
147
98
153
142
109
130
149
106
164
139
109
125
150
103
164
135
101
122
149
98
163
136
106
121
150
97
161
127
97
116
137
89
145
135
113
121
149
97
160
142
113
128
157
101
165
137
107
123
146
95
162
142
110
129
155
105
165
133
108
121
152
100
160
135
101
121
148
94
162
137
107
126
150
102
155
142
114
125
150
101
161
133
104
120
144
95
154
131
106
118
145
91
160
117
90
109
131
81
145
135
108
121
151
101
158
152
114
131
157
102
171
146
114
132
157
102
164
145
117
129
151
106
166
142
108
129
160
100
163
145
114
126
157
106
166
137
108
130
151
98
162
125
106
123
144
101
158
136
110
124
155
101
162
143
112
134
157
102
168
147
113
130
150
101
167
140
110
126
154
103
160
132
106
125
146
96
154
148
114
126
155
105
169
128
111
122
146
98
158
130
106
122
148
96
163
139
115
129
154
103
166
141
111
125
151
101
163
144
111
128
152
102
160
134
109
126
153
97
164
134
101
123
147
96
158
134
110
124
150
97
157
140
117
129
152
103
162
135
107
123
144
98
152
147
116
133
162
109
168
144
115
122
155
104
169
141
112
125
154
99
164
133
107
122
148
97
160
138
112
129
154
109
169
130
105
117
149
91
158
139
112
128
156
110
165
146
113
125
153
104
165
137
107
121
155
97
162
141
117
125
154
101
168
148
111
125
157
102
165
132
105
120
145
98
161
117
91
109
136
89
150
146
116
131
157
107
168
133
109
120
149
95
156
144
115
123
152
99
162
141
105
125
150
101
158
144
113
129
152
100
167
141
109
125
154
102
162
147
113
129
155
100
161
130
102
119
142
91
154
113
81
105
121
71
132
149
120
130
154
111
168
145
117
126
150
100
166
135
109
128
151
98
161
149
115
130
155
103
166
143
117
130
156
101
171
145
110
126
153
101
166
141
107
126
151
101
164
140
114
129
149
101
158
132
104
123
144
96
156
134
109
117
153
101
162
134
106
126
154
98
166
140
109
122
153
104
162
141
114
126
152
103
164
140
105
124
151
100
162
145
113
132
151
100
168
129
101
117
144
93
154
144
115
126
154
106
168
130
97
116
144
96
152
141
108
123
155
98
162
130
103
118
146
91
150
134
109
126
150
105
169
130
102
118
148
94
153
146
115
136
158
104
174
145
117
129
148
99
158
453
91
109
134
84
147
136
114
126
157
98
166
133
94
117
138
89
152
137
106
122
148
101
164
136
103
122
142
96
151
149
119
129
154
111
170
137
106
129
149
101
157
133
106
120
146
98
162
134
105
122
145
100
159
130
106
123
145
96
157
136
106
129
146
104
164
139
108
124
153
101
160
136
107
122
149
100
160
145
116
133
155
105
168
146
114
130
156
100
170
137
113
126
149
98
162
148
116
133
155
103
168
133
108
123
149
101
165
136
106
120
149
96
162
140
114
132
148
104
163
107
85
104
130
76
136
141
112
125
149
105
162
138
106
125
152
100
157
132
105
122
148
93
150
140
110
118
152
100
157
136
113
126
148
97
165
136
107
125
152
98
157
138
109
123
149
99
157
132
104
124
144
91
160
137
107
120
148
101
164
136
113
125
154
102
168
139
106
124
151
99
157
131
100
123
144
96
158
136
109
129
149
97
162
142
112
124
152
104
165
141
114
126
160
98
165
137
113
123
144
99
157
147
122
134
163
110
170
92
37
66
108
55
132
143
110
126
157
101
169
134
107
123
144
101
164
142
113
133
154
103
162
134
106
126
146
101
156
140
112
125
149
105
160
145
109
131
154
104
165
145
114
125
150
100
160
144
113
128
150
104
165
145
113
129
149
104
161
146
116
132
155
105
164
132
106
118
148
94
156
129
101
118
142
95
148
136
106
123
151
99
162
136
109
119
141
101
160
133
106
124
149
100
154
133
104
120
152
97
161
139
108
121
151
100
159
135
106
126
146
101
158
136
109
123
148
96
160
141
117
128
154
100
165
116
87
100
128
78
136
134
103
122
147
93
159
127
102
122
144
96
158
133
108
125
148
100
157
134
105
121
149
98
160
133
105
122
148
99
156
129
104
118
145
98
162
130
112
124
149
98
161
149
116
129
157
105
170
139
104
122
148
101
160
144
114
124
151
101
166
148
112
129
154
104
165
136
103
123
150
100
161
134
105
123
148
101
160
130
102
123
145
100
157
133
104
125
146
102
161
137
109
122
146
98
158
141
107
123
155
97
162
136
107
122
153
98
164
144
111
132
152
107
160
128
107
119
146
97
160
134
109
126
151
98
166
140
110
125
154
100
165
145
114
126
160
104
168
150
111
123
155
104
167
132
103
122
149
100
160
132
104
121
148
95
155
139
109
124
156
98
168
136
110
127
148
95
161
139
107
126
154
100
162
141
115
129
158
103
168
130
105
121
148
96
157
132
108
122
152
101
162
138
109
132
153
102
168
135
108
124
149
98
158
131
107
122
150
96
160
130
108
117
146
96
162
148
117
132
154
106
173
133
111
125
150
98
157
146
114
132
153
103
164
139
111
128
150
104
167
140
110
129
154
102
169
138
107
129
151
100
163
135
104
125
153
101
161
140
110
127
151
102
161
146
111
129
153
100
168
142
112
129
157
107
164
142
115
132
152
102
164
138
112
126
153
104
163
131
106
122
150
98
160
133
105
124
142
95
157
136
106
130
150
102
165
149
114
133
153
105
168
146
112
125
154
102
163
133
110
126
150
97
168
147
119
125
158
104
169
147
110
127
154
106
167
142
110
129
149
101
164
136
113
128
149
105
164
139
109
125
151
100
165
154
115
128
157
105
169
131
104
118
146
91
155
139
106
120
146
93
161
136
103
126
148
94
162
137
107
127
148
102
165
147
113
129
157
102
168
135
111
130
150
102
158
144
112
126
153
102
165
148
118
132
154
105
171
132
106
122
146
98
161
134
102
125
147
98
165
141
108
129
153
102
164
139
106
125
154
96
161
138
109
128
150
95
160
138
106
121
146
98
157
134
106
465
144
91
153
144
110
132
150
99
167
147
114
132
154
106
169
147
117
130
154
101
165
130
105
120
148
96
161
130
108
125
146
99
163
129
104
123
148
99
152
140
110
128
149
101
161
135
106
127
145
96
162
139
109
125
148
102
160
131
109
118
150
101
159
133
105
120
150
97
158
149
117
133
155
102
166
142
108
125
153
97
164
141
106
126
153
104
165
131
106
121
148
93
160
145
116
133
154
102
170
129
101
116
141
94
154
145
117
126
155
105
168
139
108
126
153
105
166
132
107
125
153
97
160
132
104
119
140
88
149
141
109
129
150
100
160
136
106
121
149
96
155
139
105
126
149
101
160
145
117
130
162
104
169
133
107
123
149
95
160
129
106
122
154
96
160
135
109
126
151
100
166
133
107
120
150
100
157
136
109
126
148
100
160
137
107
126
147
100
161
148
114
130
152
98
162
142
112
125
146
98
154
132
103
122
142
99
157
132
107
128
148
101
161
140
109
126
148
104
166
138
107
122
152
98
161
142
113
129
152
96
165
145
120
132
154
108
166
139
109
125
151
100
161
140
111
128
150
102
161
138
109
126
149
105
168
128
110
117
146
94
155
147
114
124
154
104
165
138
109
126
155
98
164
125
102
119
146
96
151
133
105
122
151
107
160
130
102
124
147
96
161
131
105
121
149
93
157
134
105
124
141
98
158
141
113
131
155
104
167
138
109
125
146
98
158
132
107
118
150
99
162
147
114
126
152
106
166
139
104
122
149
97
161
134
107
124
149
101
165
145
112
128
157
101
168
137
105
121
148
100
163
136
110
126
153
98
162
139
107
123
152
97
158
145
116
126
154
101
162
138
109
122
154
104
168
140
105
126
154
99
162
130
104
125
152
98
158
128
107
122
149
94
161
139
109
125
151
100
157
140
107
129
154
104
164
134
102
117
146
94
160
133
105
124
142
98
162
141
108
120
151
101
160
20
36
32
21
14
23
20
36
30
23
13
29
52
35
34
44
16
34
20
36
32
22
13
32
19
33
29
20
13
22
160
130
138
174
117
187
138
111
127
152
101
163
144
114
130
154
105
161
139
113
128
155
101
165
136
103
121
150
99
158
141
114
128
151
105
166
132
106
122
153
98
160
144
112
129
158
105
169
141
109
128
154
104
165
138
106
123
146
97
162
146
116
127
157
104
169
142
110
123
149
98
160
148
116
128
152
104
165
129
107
122
150
99
162
141
107
122
151
104
160
139
112
129
155
100
164
135
107
125
154
102
161
145
113
126
157
106
162
141
112
129
147
98
161
132
106
122
149
101
162
138
116
129
154
105
168
132
105
122
148
99
158
141
111
131
152
101
171
133
106
123
149
98
165
136
106
125
150
101
164
128
104
129
148
99
164
135
107
124
148
100
161
140
112
130
155
104
168
137
111
124
149
105
162
136
106
129
149
100
160
144
113
127
153
101
162
137
105
126
146
97
164
138
110
127
151
102
162
142
114
126
151
109
164
130
104
122
150
98
162
140
117
129
155
106
162
141
113
129
152
102
166
139
112
124
150
104
165
138
111
126
154
99
169
134
108
127
148
97
161
141
111
126
152
100
162
132
104
123
144
96
152
137
107
128
146
101
158
146
112
124
149
101
165
140
114
122
153
98
162
137
104
123
146
101
161
141
116
127
149
98
163
137
109
124
157
98
162
141
110
126
155
107
165
129
108
122
150
98
163
139
114
121
149
102
164
142
117
126
154
104
158
138
106
124
148
98
161
138
109
125
150
105
161
148
117
133
148
104
164
139
107
130
152
100
167
144
113
128
151
102
167
144
112
128
155
103
164
138
107
125
152
103
164
139
109
125
152
104
164
141
117
125
151
101
162
138
109
123
154
101
162
128
103
121
148
95
153
140
109
126
148
97
160
133
105
124
146
97
162
119
93
114
134
89
151
149
118
128
158
100
165
129
106
124
146
95
154
137
106
124
151
98
155
136
108
121
149
98
166
93
62
80
101
57
116
144
108
125
151
107
162
135
107
122
149
99
162
136
107
125
148
97
157
146
113
126
154
108
169
142
113
128
154
106
164
136
105
119
154
102
165
137
111
125
154
104
162
136
111
126
149
105
164
144
114
122
153
105
163
143
118
130
156
102
165
141
109
130
154
101
163
133
104
120
151
93
158
138
112
125
153
106
161
139
111
124
151
99
167
136
106
130
150
99
160
145
111
126
151
101
165
145
120
128
157
106
168
146
114
124
151
106
170
136
107
126
149
102
162
145
116
127
155
104
169
143
112
122
155
102
161
141
111
129
153
100
168
134
108
126
151
101
162
146
116
131
146
107
170
139
113
132
152
103
164
142
109
125
153
103
165
132
104
123
149
96
155
141
110
129
152
102
164
144
116
128
149
105
165
149
112
125
148
101
165
136
107
120
148
98
161
136
105
122
150
98
154
132
109
122
146
100
158
139
110
125
151
97
162
117
82
98
122
77
135
152
113
129
149
101
169
133
109
121
147
96
154
136
108
120
149
97
157
142
109
124
156
102
164
141
113
126
152
105
157
138
106
121
147
99
160
144
110
130
154
100
165
141
107
125
148
101
164
145
112
126
153
105
168
134
105
122
148
98
160
142
114
131
154
106
166
136
98
122
149
92
161
146
113
128
153
101
167
148
112
129
153
103
168
130
111
122
148
97
162
98
72
94
109
66
123
146
113
120
155
101
163
137
107
127
147
100
156
139
111
125
150
102
163
131
100
118
142
98
154
141
116
126
151
108
168
132
106
125
150
101
160
135
107
126
149
101
161
139
110
127
152
102
167
140
110
128
150
100
161
140
109
126
152
98
160
149
114
128
152
102
168
145
114
129
151
98
165
130
106
123
151
97
158
138
101
119
145
97
153
143
111
122
155
97
166
136
109
129
152
105
163
138
108
121
151
100
156
138
108
125
153
101
162
139
107
118
150
98
162
139
114
128
150
100
161
141
114
126
151
98
161
135
109
125
150
98
164
147
114
127
155
104
166
146
112
127
151
103
165
136
106
122
145
99
157
136
102
123
149
96
156
138
111
124
151
97
161
139
106
122
149
100
162
137
110
124
147
103
160
140
109
125
153
103
166
141
109
123
152
99
158
137
110
129
153
104
162
137
109
122
145
102
158
133
110
122
156
99
162
133
111
122
149
95
155
132
106
121
148
96
154
144
110
130
150
105
168
135
109
125
148
98
160
139
114
128
150
103
165
146
114
128
153
107
162
141
110
125
157
102
164
141
114
126
153
100
166
145
109
129
152
101
158
139
108
125
147
102
161
133
104
117
145
97
156
148
112
126
153
104
161
143
110
129
150
102
164
139
110
125
150
96
162
140
113
122
151
104
168
138
108
123
147
98
160
141
106
124
147
102
160
139
107
125
143
100
159
132
107
120
144
96
156
133
105
122
146
97
157
137
106
127
150
100
162
140
106
121
150
100
165
135
108
119
148
99
158
138
108
125
148
98
165
145
112
130
157
109
166
140
117
128
154
104
165
133
114
123
149
100
158
147
118
125
150
101
165
144
116
130
153
101
168
141
111
126
152
103
164
140
107
128
149
100
161
141
105
129
152
99
164
144
114
128
157
104
169
137
109
126
153
106
165
135
116
125
151
102
160
134
106
120
148
97
165
132
110
127
159
102
166
142
110
129
150
99
168
133
104
122
154
104
161
132
105
126
152
100
158
142
113
124
155
106
165
133
108
122
147
97
154
142
113
127
152
105
162
142
116
127
157
102
162
148
114
128
156
103
169
151
115
130
154
106
168
137
106
124
147
101
162
137
109
123
154
105
164
142
110
122
148
99
160
146
113
125
151
103
162
134
110
127
150
104
164
137
114
122
149
103
167
134
106
119
150
95
155
139
108
127
149
105
165
142
109
124
144
98
158
140
114
130
151
102
162
133
104
120
148
101
163
139
110
129
151
100
160
137
111
127
152
105
164
149
115
129
153
104
165
133
108
125
148
97
158
18
35
29
20
13
22
18
34
28
21
13
22
137
101
123
143
91
157
144
114
128
150
102
163
144
117
127
157
100
166
145
112
128
157
102
161
133
108
125
148
99
157
138
112
129
154
100
158
141
110
129
152
102
166
131
105
117
147
97
164
132
107
124
145
99
161
126
103
118
147
97
154
136
110
121
149
96
162
126
101
116
132
90
151
138
110
124
149
100
165
142
106
127
151
102
160
129
106
122
145
98
152
144
117
129
158
101
164
138
110
125
153
101
160
139
109
126
152
103
164
133
109
126
151
103
164
141
110
121
148
96
161
137
105
122
148
101
161
149
110
130
153
100
170
133
106
120
146
102
160
140
109
123
152
96
162
136
109
126
152
101
161
140
106
125
148
98
158
139
108
128
149
101
161
144
109
128
150
101
170
146
117
135
153
103
165
138
109
124
150
101
168
146
114
129
153
105
164
136
112
129
154
100
158
134
105
124
157
94
157
134
106
117
144
97
158
130
105
123
148
100
157
133
102
123
146
89
158
138
106
126
149
101
161
144
112
129
152
98
161
133
101
122
152
101
165
130
103
122
146
94
155
142
114
131
144
102
164
136
105
129
147
101
160
134
108
128
151
102
160
130
102
121
143
90
150
143
116
126
152
100
166
133
102
121
150
102
160
146
118
130
149
106
160
121
98
110
133
91
149
141
113
125
150
101
164
122
101
117
138
90
148
137
109
129
151
104
166
131
106
125
148
100
162
142
111
127
155
104
166
139
109
126
149
101
161
133
106
123
149
93
157
144
116
130
153
100
164
145
105
128
152
103
160
138
109
130
153
101
165
149
118
132
154
104
166
141
110
128
157
105
168
128
97
118
146
93
160
139
111
128
150
102
161
134
104
123
145
100
162
134
107
125
152
99
164
58
38
41
56
18
60
18
33
28
20
13
21
132
110
126
148
98
160
145
112
126
146
102
160
142
114
124
150
102
163
128
110
118
147
94
157
135
106
125
146
98
158
136
106
125
147
102
163
125
99
114
139
93
157
144
114
125
154
103
158
126
100
119
143
92
153
133
107
120
148
101
164
135
105
124
147
98
156
141
114
132
153
109
171
132
106
123
147
101
160
148
116
131
152
101
164
142
107
124
154
105
160
139
115
129
152
102
168
148
117
129
157
109
171
119
95
110
134
83
146
144
113
128
289
119
170
146
110
122
147
98
163
140
110
123
146
98
159
133
104
125
149
97
161
136
110
122
151
96
160
140
111
124
153
101
165
144
114
131
153
105
161
131
104
117
148
96
160
136
108
124
152
100
165
140
114
129
157
104
163
134
105
125
151
99
160
129
109
123
148
94
161
148
122
138
160
113
174
138
114
130
150
104
163
136
106
126
148
94
160
138
109
122
149
100
160
136
112
126
150
106
161
148
119
131
156
105
172
134
109
125
145
96
159
132
104
122
146
97
154
130
108
124
148
98
161
134
101
119
147
95
155
138
112
125
151
100
161
138
109
125
151
97
161
145
111
126
153
102
168
137
107
128
149
104
164
141
114
128
158
105
168
133
109
125
150
100
161
125
104
117
145
97
154
109
83
97
121
78
136
134
104
122
146
98
158
137
109
125
150
100
160
147
108
129
153
104
168
133
105
124
146
98
158
142
113
128
151
99
161
143
112
128
153
107
165
125
96
113
138
86
145
147
113
128
153
101
160
151
115
131
158
108
164
126
106
121
148
100
157
149
117
129
154
102
166
150
111
130
150
105
163
128
107
125
146
99
157
142
106
130
148
101
166
124
98
113
136
89
151
146
114
130
151
105
170
122
106
116
140
91
149
136
109
123
152
100
160
145
112
129
160
105
168
142
112
125
149
98
155
135
111
124
151
98
162
141
108
126
149
101
163
139
109
123
150
97
158
148
110
129
151
105
168
144
112
128
153
102
163
131
106
123
150
98
158
136
110
123
156
103
166
139
107
126
152
101
163
139
112
125
154
107
164
143
115
126
154
107
169
135
109
121
145
100
163
134
102
120
149
103
158
143
114
125
153
98
166
131
105
122
146
97
157
144
121
132
157
104
169
141
111
126
154
99
163
130
106
124
148
99
163
144
113
130
157
104
164
136
112
128
151
100
165
138
109
122
152
99
165
133
106
125
151
103
162
141
117
125
154
100
162
105
79
92
110
72
132
142
116
128
155
99
166
133
109
125
149
98
165
134
110
123
151
97
158
141
108
126
153
101
169
130
106
115
141
93
156
137
109
129
150
102
166
144
112
134
157
104
173
145
112
129
155
100
168
136
105
125
150
101
162
136
106
124
146
101
166
138
114
128
148
100
162
136
106
123
153
103
163
136
103
124
145
98
160
139
104
124
144
100
161
139
110
128
150
102
161
133
106
122
150
98
154
146
110
124
156
106
168
130
111
121
146
94
158
145
114
122
150
105
164
118
96
111
136
89
149
134
103
117
147
99
157
137
112
123
150
100
162
139
111
128
151
105
166
132
108
122
153
98
161
145
114
125
158
106
168
133
108
123
149
101
165
138
110
122
149
102
164
133
107
122
152
101
164
133
104
122
149
99
156
139
113
126
152
100
156
138
106
123
148
101
158
139
113
123
150
106
162
142
109
129
147
100
158
133
106
121
152
99
160
128
101
118
147
91
159
127
101
120
146
94
160
130
102
122
148
94
157
133
105
121
150
99
160
132
107
124
150
99
161
137
106
117
140
89
156
124
107
120
149
96
155
135
106
122
146
97
156
132
106
129
146
100
161
130
104
121
144
101
165
144
114
128
155
104
165
136
112
131
152
101
166
137
111
122
149
101
159
134
107
125
150
105
162
134
108
122
149
101
166
131
112
121
151
101
163
144
112
129
157
103
166
135
111
125
149
99
163
138
107
121
146
96
163
141
109
126
155
104
161
148
117
132
158
105
171
136
108
121
150
101
160
146
117
130
151
101
160
138
111
125
150
104
158
144
109
130
152
107
164
132
109
124
153
98
160
148
111
128
152
104
164
141
112
128
149
100
166
133
108
122
149
94
162
128
104
118
147
99
156
146
111
130
157
99
165
141
110
129
149
104
162
132
107
124
147
101
161
134
106
124
142
94
157
138
108
129
150
96
162
144
109
124
155
99
160
136
105
124
151
96
157
121
94
111
138
88
150
142
116
122
153
100
170
141
115
129
149
103
164
136
108
121
146
100
163
146
118
129
154
101
165
142
115
129
149
106
163
138
110
125
151
102
162
137
108
122
146
97
164
138
106
123
147
98
157
